{"producer":{"name":"Blender","version":"2.81 (sub 16)","exporter_version":"6.2.3","file":"player_3.babylon"},
"autoClear":true,"clearColor":[0.0509,0.0509,0.0509],"gravity":[0,-9.81,0],
"materials":[{"name":"Material.001","id":"Material.001","customType":"BABYLON.PBRMaterial","backFaceCulling":true,"checkReadyOnlyOnce":false,"maxSimultaneousLights":4,"environmentIntensity":1,"reflectivity":[0.5,0.5,0.5],"roughness":0.5,"alpha":1,"transparencyMode":0,"alphaCutOff":0.4,"metallic":0, 
"albedoTexture":{"name":"character_2_texture_v5.png","level":1,"hasAlpha":true,"coordinatesMode":0,"uOffset":0,"vOffset":0,"uScale":1,"vScale":1,"uAng":0,"vAng":0,"wAng":0,"wrapU":1,"wrapV":1,"coordinatesIndex":0},"useAlphaFromAlbedoTexture":true}],
"multiMaterials":[],
"skeletons":[{"name":"Armature","id":0,"dimensionsAtRest":[2.5834,2.5814,1.0574],"bones":[
{"name":"Middle.Body","index":0,"matrix":[1,0,0,0,0,1,0,0,0,0,-1,0,0.0017,3.7054,-0.0014,1],"rest":[1,0,0,0,0,1,0,0,0,0,-1,0,-0.0051,3.7873,0,1],"parentBoneIndex":-1,"length":0.1887
,"animation":{"dataType":3,"framePerSecond":24,"keys":[
{"frame":1,"values":[1,0,0,0,0,1,0,0,0,0,-1,0,0.0021,3.7006,-0.0015,1]},
{"frame":2,"values":[1,0,0,0,0,1,0,0,0,0,-1,0,0.0014,3.7096,-0.0013,1]},
{"frame":3,"values":[1,0,0,0,0,1,0,0,0,0,-1,0,-0.0004,3.7311,-0.001,1]},
{"frame":4,"values":[1,0,0,0,0,1,0,0,0,0,-1,0,-0.0026,3.7568,-0.0005,1]},
{"frame":5,"values":[1,0,0,0,0,1,0,0,0,0,-1,0,-0.0043,3.7782,-0.0002,1]},
{"frame":6,"values":[1,0,0,0,0,1,0,0,0,0,-1,0,-0.0051,3.7873,0,1]},
{"frame":7,"values":[1,0,0,0,0,1,0,0,0,0,-1,0,-0.0051,3.7829,0,1]},
{"frame":8,"values":[1,0,0,0,0,1,0,0,0,0,-1,0,-0.0051,3.7719,0,1]},
{"frame":9,"values":[1,0,0,0,0,1,0,0,0,0,-1,0,-0.0051,3.7576,0,1]},
{"frame":10,"values":[1,0,0,0,0,1,0,0,0,0,-1,0,-0.0051,3.7433,0,1]},
{"frame":11,"values":[1,0,0,0,0,1,0,0,0,0,-1,0,-0.0051,3.7323,0,1]},
{"frame":12,"values":[1,0,0,0,0,1,0,0,0,0,-1,0,-0.0051,3.7279,0,1]},
{"frame":13,"values":[1,0,0,0,0,1,0,0,0,0,-1,0,-0.0051,3.7323,0,1]},
{"frame":14,"values":[1,0,0,0,0,1,0,0,0,0,-1,0,-0.0051,3.7433,0,1]},
{"frame":15,"values":[1,0,0,0,0,1,0,0,0,0,-1,0,-0.0051,3.7576,0,1]},
{"frame":16,"values":[1,0,0,0,0,1,0,0,0,0,-1,0,-0.0051,3.7719,0,1]},
{"frame":17,"values":[1,0,0,0,0,1,0,0,0,0,-1,0,-0.0051,3.7829,0,1]},
{"frame":18,"values":[1,0,0,0,0,1,0,0,0,0,-1,0,-0.0051,3.7873,0,1]},
{"frame":19,"values":[1,0,0,0,0,1,0,0,0,0,-1,0,-0.0047,3.7825,-0.0001,1]},
{"frame":20,"values":[1,0,0,0,0,1,0,0,0,0,-1,0,-0.0037,3.7701,-0.0003,1]},
{"frame":21,"values":[1,0,0,0,0,1,0,0,0,0,-1,0,-0.0023,3.7532,-0.0006,1]},
{"frame":22,"values":[1,0,0,0,0,1,0,0,0,0,-1,0,-0.0007,3.7347,-0.0009,1]},
{"frame":23,"values":[1,0,0,0,0,1,0,0,0,0,-1,0,0.0007,3.7178,-0.0012,1]},
{"frame":24,"values":[1,0,0,0,0,1,0,0,0,0,-1,0,0.0017,3.7054,-0.0014,1]},
{"frame":25,"values":[1,0,0,0,0,1,0,0,0,0,-1,0,0.0021,3.7006,-0.0015,1]}],"loopBehavior":1,"name":"anim","property":"_matrix"}},
{"name":"Upper.Body","index":1,"matrix":[0,0,1,0,0.006,1,0,0,-1,0.006,0,0,0,0.1887,0,1],"rest":[0,0,1,0,0.006,1,0,0,-1,0.006,0,0,0,0.1887,0,1],"parentBoneIndex":0,"length":0.3191
,"animation":{"dataType":3,"framePerSecond":24,"keys":[
{"frame":1,"values":[0,0,1,0,0.006,1,0,0,-1,0.006,0,0,0,0.1887,0,1]},
{"frame":25,"values":[0,0,1,0,0.006,1,0,0,-1,0.006,0,0,0,0.1887,0,1]}],"loopBehavior":1,"name":"anim","property":"_matrix"}},
{"name":"Shoulder.L","index":2,"matrix":[0.9992,-0.0013,0.0403,0,0.0398,-0.1332,-0.9903,0,0.0066,0.9911,-0.1331,0,0,0.3191,0,1],"rest":[0.9992,-0.0013,0.0403,0,0.0398,-0.1332,-0.9903,0,0.0066,0.9911,-0.1331,0,0,0.3191,0,1],"parentBoneIndex":1,"length":0.3163
,"animation":{"dataType":3,"framePerSecond":24,"keys":[
{"frame":1,"values":[0.9992,-0.0013,0.0403,0,0.0398,-0.1332,-0.9903,0,0.0066,0.9911,-0.1331,0,0,0.3191,0,1]},
{"frame":25,"values":[0.9992,-0.0013,0.0403,0,0.0398,-0.1332,-0.9903,0,0.0066,0.9911,-0.1331,0,0,0.3191,0,1]}],"loopBehavior":1,"name":"anim","property":"_matrix"}},
{"name":"Upper.Arm.L","index":3,"matrix":[0.8914,0.11,-0.4396,0,-0.4531,0.2347,-0.86,0,0.0086,0.9658,0.2591,0,0,0.3163,0,1],"rest":[0.9971,0.0761,0.0059,0,-0.0761,0.997,-0.0104,0,-0.0067,0.0099,0.9999,0,0,0.3163,0,1],"parentBoneIndex":2,"length":0.4113
,"animation":{"dataType":3,"framePerSecond":24,"keys":[
{"frame":1,"values":[0.884,0.1131,-0.4536,0,-0.4674,0.235,-0.8522,0,0.0102,0.9654,0.2606,0,0,0.3163,0,1]},
{"frame":2,"values":[0.894,0.1124,-0.4338,0,-0.4481,0.2344,-0.8627,0,0.0047,0.9656,0.2599,0,0,0.3163,0,1]},
{"frame":3,"values":[0.9181,0.1103,-0.3807,0,-0.3962,0.2332,-0.888,0,-0.0092,0.9661,0.2578,0,0,0.3163,0,1]},
{"frame":4,"values":[0.9468,0.1071,-0.3035,0,-0.3207,0.2327,-0.9182,0,-0.0277,0.9666,0.2546,0,0,0.3163,0,1]},
{"frame":5,"values":[0.9717,0.1027,-0.2127,0,-0.2314,0.2337,-0.9444,0,-0.0472,0.9669,0.2509,0,0,0.3163,0,1]},
{"frame":6,"values":[0.9881,0.0967,-0.1198,0,-0.1398,0.2376,-0.9613,0,-0.0645,0.9665,0.2482,0,0,0.3163,0,1]},
{"frame":7,"values":[0.9954,0.0887,-0.035,0,-0.0556,0.2425,-0.9686,0,-0.0774,0.9661,0.2463,0,0,0.3163,0,1]},
{"frame":8,"values":[0.9961,0.0795,0.038,0,0.0173,0.2461,-0.9691,0,-0.0864,0.966,0.2437,0,0,0.3163,0,1]},
{"frame":9,"values":[0.9928,0.0703,0.0971,0,0.0769,0.2482,-0.9656,0,-0.092,0.9661,0.241,0,0,0.3163,0,1]},
{"frame":10,"values":[0.9881,0.0623,0.141,0,0.1214,0.2492,-0.9608,0,-0.095,0.9664,0.2387,0,0,0.3163,0,1]},
{"frame":11,"values":[0.9841,0.0568,0.1682,0,0.1491,0.2494,-0.9569,0,-0.0962,0.9667,0.2369,0,0,0.3163,0,1]},
{"frame":12,"values":[0.9826,0.0547,0.1775,0,0.1588,0.2489,-0.9554,0,-0.0965,0.967,0.2359,0,0,0.3163,0,1]},
{"frame":13,"values":[0.9836,0.0535,0.1721,0,0.1539,0.2477,-0.9565,0,-0.0938,0.9674,0.2354,0,0,0.3163,0,1]},
{"frame":14,"values":[0.9865,0.0507,0.1557,0,0.1388,0.2457,-0.9594,0,-0.0869,0.968,0.2353,0,0,0.3163,0,1]},
{"frame":15,"values":[0.9907,0.0475,0.1278,0,0.1127,0.243,-0.9635,0,-0.0769,0.9689,0.2354,0,0,0.3163,0,1]},
{"frame":16,"values":[0.9951,0.0452,0.0881,0,0.0748,0.2399,-0.9679,0,-0.0649,0.9697,0.2353,0,0,0.3163,0,1]},
{"frame":17,"values":[0.9983,0.0449,0.036,0,0.0243,0.2363,-0.9714,0,-0.0521,0.9706,0.2349,0,0,0.3163,0,1]},
{"frame":18,"values":[0.9984,0.0479,-0.0289,0,-0.0393,0.2323,-0.9719,0,-0.0399,0.9715,0.2338,0,0,0.3163,0,1]},
{"frame":19,"values":[0.9929,0.055,-0.1054,0,-0.1154,0.2297,-0.9664,0,-0.029,0.9717,0.2344,0,0,0.3163,0,1]},
{"frame":20,"values":[0.98,0.0654,-0.188,0,-0.1981,0.2297,-0.9529,0,-0.0192,0.971,0.2381,0,0,0.3163,0,1]},
{"frame":21,"values":[0.9599,0.0778,-0.2693,0,-0.2801,0.231,-0.9317,0,-0.0102,0.9698,0.2436,0,0,0.3163,0,1]},
{"frame":22,"values":[0.9352,0.0905,-0.3423,0,-0.3541,0.2326,-0.9058,0,-0.0023,0.9684,0.2496,0,0,0.3163,0,1]},
{"frame":23,"values":[0.9105,0.1018,-0.4009,0,-0.4136,0.2339,-0.8799,0,0.0042,0.9669,0.2551,0,0,0.3163,0,1]},
{"frame":24,"values":[0.8914,0.11,-0.4396,0,-0.4531,0.2347,-0.86,0,0.0086,0.9658,0.2591,0,0,0.3163,0,1]},
{"frame":25,"values":[0.884,0.1131,-0.4536,0,-0.4674,0.235,-0.8522,0,0.0102,0.9654,0.2606,0,0,0.3163,0,1]}],"loopBehavior":1,"name":"anim","property":"_matrix"}},
{"name":"Lower.Arm.L","index":4,"matrix":[0.7364,-0.671,0.0862,0,0.6764,0.7277,-0.1139,0,0.0137,0.1422,0.9897,0,0,0.4113,0,1],"rest":[0.9984,-0.0566,0.0012,0,0.0566,0.9982,-0.0219,0,0,0.0219,0.9998,0,0,0.4113,0,1],"parentBoneIndex":3,"length":0.441
,"animation":{"dataType":3,"framePerSecond":24,"keys":[
{"frame":1,"values":[0.7093,-0.699,0.0912,0,0.7047,0.6997,-0.1177,0,0.0185,0.1478,0.9888,0,0,0.4113,0,1]},
{"frame":2,"values":[0.7511,-0.6565,0.0699,0,0.6596,0.7418,-0.1211,0,0.0276,0.1371,0.9902,0,0,0.4113,0,1]},
{"frame":3,"values":[0.8393,-0.5433,0.018,0,0.5411,0.8318,-0.1233,0,0.052,0.1132,0.9922,0,0,0.4113,0,1]},
{"frame":4,"values":[0.9195,-0.3906,-0.0442,0,0.3837,0.9163,-0.1146,0,0.0852,0.0884,0.9924,0,0,0.4113,0,1]},
{"frame":5,"values":[0.9629,-0.2529,-0.0943,0,0.2439,0.9649,-0.097,0,0.1155,0.0704,0.9908,0,0,0.4113,0,1]},
{"frame":6,"values":[0.9744,-0.1936,-0.1144,0,0.1848,0.9793,-0.0831,0,0.1282,0.0598,0.9899,0,0,0.4113,0,1]},
{"frame":7,"values":[0.9682,-0.2232,-0.113,0,0.2152,0.9734,-0.0793,0,0.1277,0.0525,0.9904,0,0,0.4113,0,1]},
{"frame":8,"values":[0.9486,-0.2974,-0.1081,0,0.2898,0.9537,-0.0807,0,0.1271,0.0452,0.9909,0,0,0.4113,0,1]},
{"frame":9,"values":[0.9147,-0.3916,-0.1001,0,0.3844,0.9193,-0.0842,0,0.1249,0.0385,0.9914,0,0,0.4113,0,1]},
{"frame":10,"values":[0.8717,-0.4818,-0.0896,0,0.4751,0.8756,-0.0868,0,0.1203,0.033,0.9922,0,0,0.4113,0,1]},
{"frame":11,"values":[0.833,-0.5477,-0.0782,0,0.5416,0.8362,-0.0862,0,0.1126,0.0294,0.9932,0,0,0.4113,0,1]},
{"frame":12,"values":[0.8169,-0.5728,-0.0673,0,0.5678,0.8192,-0.081,0,0.1015,0.0279,0.9944,0,0,0.4113,0,1]},
{"frame":13,"values":[0.8404,-0.5389,-0.058,0,0.535,0.8419,-0.0705,0,0.0868,0.0282,0.9958,0,0,0.4113,0,1]},
{"frame":14,"values":[0.8916,-0.4501,-0.0489,0,0.4474,0.8925,-0.057,0,0.0693,0.0289,0.9972,0,0,0.4113,0,1]},
{"frame":15,"values":[0.9443,-0.327,-0.0382,0,0.3253,0.9446,-0.0431,0,0.0502,0.0283,0.9983,0,0,0.4113,0,1]},
{"frame":16,"values":[0.9799,-0.1981,-0.0257,0,0.1972,0.9798,-0.0317,0,0.0314,0.0259,0.9992,0,0,0.4113,0,1]},
{"frame":17,"values":[0.9952,-0.0971,-0.0121,0,0.0968,0.995,-0.0243,0,0.0144,0.0231,0.9996,0,0,0.4113,0,1]},
{"frame":18,"values":[0.9984,-0.0566,0.0012,0,0.0566,0.9982,-0.0219,0,0,0.0219,0.9998,0,0,0.4113,0,1]},
{"frame":19,"values":[0.9953,-0.0956,0.0136,0,0.0959,0.995,-0.0284,0,-0.0108,0.0296,0.9995,0,0,0.4113,0,1]},
{"frame":20,"values":[0.9801,-0.1968,0.0261,0,0.1978,0.9792,-0.0446,0,-0.0168,0.0489,0.9987,0,0,0.4113,0,1]},
{"frame":21,"values":[0.942,-0.3332,0.0406,0,0.3352,0.9399,-0.0655,0,-0.0163,0.0753,0.997,0,0,0.4113,0,1]},
{"frame":22,"values":[0.8784,-0.4744,0.0571,0,0.4778,0.8742,-0.0863,0,-0.0089,0.1031,0.9946,0,0,0.4113,0,1]},
{"frame":23,"values":[0.8018,-0.593,0.0735,0,0.5975,0.7952,-0.1031,0,0.0027,0.1266,0.9919,0,0,0.4113,0,1]},
{"frame":24,"values":[0.7364,-0.671,0.0862,0,0.6764,0.7277,-0.1139,0,0.0137,0.1422,0.9897,0,0,0.4113,0,1]},
{"frame":25,"values":[0.7093,-0.699,0.0912,0,0.7047,0.6997,-0.1177,0,0.0185,0.1478,0.9888,0,0,0.4113,0,1]}],"loopBehavior":1,"name":"anim","property":"_matrix"}},
{"name":"Hand.L","index":5,"matrix":[1,-0.003,0.0044,0,0.0032,0.9986,-0.0533,0,-0.0042,0.0533,0.9986,0,0,0.441,0,1],"rest":[1,-0.003,0.0044,0,0.0032,0.9986,-0.0533,0,-0.0042,0.0533,0.9986,0,0,0.441,0,1],"parentBoneIndex":4,"length":0.1522
,"animation":{"dataType":3,"framePerSecond":24,"keys":[
{"frame":1,"values":[1,-0.003,0.0044,0,0.0032,0.9986,-0.0533,0,-0.0042,0.0533,0.9986,0,0,0.441,0,1]},
{"frame":25,"values":[1,-0.003,0.0044,0,0.0032,0.9986,-0.0533,0,-0.0042,0.0533,0.9986,0,0,0.441,0,1]}],"loopBehavior":1,"name":"anim","property":"_matrix"}},
{"name":"Thumb.L","index":6,"matrix":[0.3249,-0.933,-0.1547,0,0.9408,0.3355,-0.0478,0,0.0965,-0.13,0.9868,0,0,0.441,0,1],"rest":[0.3249,-0.933,-0.1547,0,0.9408,0.3355,-0.0478,0,0.0965,-0.13,0.9868,0,0,0.441,0,1],"parentBoneIndex":4,"length":0.1533
,"animation":{"dataType":3,"framePerSecond":24,"keys":[
{"frame":1,"values":[0.3249,-0.933,-0.1547,0,0.9408,0.3355,-0.0478,0,0.0965,-0.13,0.9868,0,0,0.441,0,1]},
{"frame":25,"values":[0.3249,-0.933,-0.1547,0,0.9408,0.3355,-0.0478,0,0.0965,-0.13,0.9868,0,0,0.441,0,1]}],"loopBehavior":1,"name":"anim","property":"_matrix"}},
{"name":"Neck","index":7,"matrix":[0,0.006,-1,0,0,1,0.006,0,1,0,0,0,0,0.3191,0,1],"rest":[0,0.006,-1,0,0,1,0.006,0,1,0,0,0,0,0.3191,0,1],"parentBoneIndex":1,"length":0.1468
,"animation":{"dataType":3,"framePerSecond":24,"keys":[
{"frame":1,"values":[0,0.006,-1,0,0,1,0.006,0,1,0,0,0,0,0.3191,0,1]},
{"frame":25,"values":[0,0.006,-1,0,0,1,0.006,0,1,0,0,0,0,0.3191,0,1]}],"loopBehavior":1,"name":"anim","property":"_matrix"}},
{"name":"Head","index":8,"matrix":[1,0,0,0,0,1,0,0,0,0,1,0,0,0.1468,0,1],"rest":[1,0,0,0,0,1,0,0,0,0,1,0,0,0.1468,0,1],"parentBoneIndex":7,"length":0.3375
,"animation":{"dataType":3,"framePerSecond":24,"keys":[
{"frame":1,"values":[1,0,0,0,0,1,0,0,0,0,1,0,0,0.1468,0,1]},
{"frame":25,"values":[1,0,0,0,0,1,0,0,0,0,1,0,0,0.1468,0,1]}],"loopBehavior":1,"name":"anim","property":"_matrix"}},
{"name":"Lower.Body","index":9,"matrix":[1,0,0,0,0,-1,0,0,0,0,-1,0,0,0,0,1],"rest":[1,0,0,0,0,-1,0,0,0,0,-1,0,0,0,0,1],"parentBoneIndex":0,"length":0.1782
,"animation":{"dataType":3,"framePerSecond":24,"keys":[
{"frame":1,"values":[1,0,0,0,0,-1,0,0,0,0,-1,0,0,0,0,1]},
{"frame":25,"values":[1,0,0,0,0,-1,0,0,0,0,-1,0,0,0,0,1]}],"loopBehavior":1,"name":"anim","property":"_matrix"}},
{"name":"Hip.L","index":10,"matrix":[0.0108,0.0041,-0.9999,0,0.9427,0.3335,0.0116,0,0.3335,-0.9427,-0.0003,0,0,0.1782,0,1],"rest":[0.0108,0.0041,-0.9999,0,0.9427,0.3335,0.0116,0,0.3335,-0.9427,-0.0003,0,0,0.1782,0,1],"parentBoneIndex":9,"length":0.1357
,"animation":{"dataType":3,"framePerSecond":24,"keys":[
{"frame":1,"values":[0.0108,0.0041,-0.9999,0,0.9427,0.3335,0.0116,0,0.3335,-0.9427,-0.0003,0,0,0.1782,0,1]},
{"frame":25,"values":[0.0108,0.0041,-0.9999,0,0.9427,0.3335,0.0116,0,0.3335,-0.9427,-0.0003,0,0,0.1782,0,1]}],"loopBehavior":1,"name":"anim","property":"_matrix"}},
{"name":"Upper.Leg.L","index":11,"matrix":[-0.8348,0.2085,-0.5095,0,0.5497,0.2673,-0.7914,0,-0.0288,-0.9408,-0.3378,0,0,0.1357,0,1],"rest":[-0.9995,0.0201,-0.026,0,0.031,0.3133,-0.9491,0,-0.0109,-0.9494,-0.3138,0,0,0.1357,0,1],"parentBoneIndex":10,"length":0.6029
,"animation":{"dataType":3,"framePerSecond":24,"keys":[
{"frame":1,"values":[-0.8259,0.2146,-0.5214,0,0.563,0.2645,-0.783,0,-0.0301,-0.9402,-0.3393,0,0,0.1357,0,1]},
{"frame":2,"values":[-0.8424,0.2031,-0.4991,0,0.5382,0.2697,-0.7985,0,-0.0276,-0.9413,-0.3365,0,0,0.1357,0,1]},
{"frame":3,"values":[-0.8824,0.1735,-0.4373,0,0.4699,0.282,-0.8365,0,-0.0218,-0.9436,-0.3303,0,0,0.1357,0,1]},
{"frame":4,"values":[-0.9323,0.1307,-0.3371,0,0.3612,0.2965,-0.8841,0,-0.0156,-0.946,-0.3237,0,0,0.1357,0,1]},
{"frame":5,"values":[-0.9768,0.0784,-0.1994,0,0.214,0.3084,-0.9269,0,-0.0111,-0.948,-0.318,0,0,0.1357,0,1]},
{"frame":6,"values":[-0.9995,0.019,-0.0264,0,0.031,0.3133,-0.9491,0,-0.0098,-0.9495,-0.3138,0,0,0.1357,0,1]},
{"frame":7,"values":[-0.9953,-0.0206,0.0945,0,-0.0962,0.3121,-0.9452,0,-0.01,-0.9498,-0.3126,0,0,0.1357,0,1]},
{"frame":8,"values":[-0.9829,-0.0479,0.178,0,-0.184,0.309,-0.9331,0,-0.0102,-0.9499,-0.3125,0,0,0.1357,0,1]},
{"frame":9,"values":[-0.9657,-0.0714,0.2495,0,-0.2593,0.3042,-0.9167,0,-0.0105,-0.9499,-0.3122,0,0,0.1357,0,1]},
{"frame":10,"values":[-0.9482,-0.0895,0.305,0,-0.3176,0.299,-0.8998,0,-0.0107,-0.95,-0.312,0,0,0.1357,0,1]},
{"frame":11,"values":[-0.9347,-0.1012,0.3408,0,-0.3554,0.295,-0.8869,0,-0.0108,-0.9501,-0.3117,0,0,0.1357,0,1]},
{"frame":12,"values":[-0.9294,-0.1053,0.3536,0,-0.3688,0.2935,-0.8819,0,-0.0109,-0.9501,-0.3116,0,0,0.1357,0,1]},
{"frame":13,"values":[-0.9353,-0.1007,0.3394,0,-0.3538,0.2952,-0.8875,0,-0.0108,-0.9501,-0.3117,0,0,0.1357,0,1]},
{"frame":14,"values":[-0.9499,-0.0879,0.3001,0,-0.3125,0.2995,-0.9015,0,-0.0107,-0.95,-0.312,0,0,0.1357,0,1]},
{"frame":15,"values":[-0.9682,-0.0685,0.2408,0,-0.2501,0.3048,-0.919,0,-0.0105,-0.9499,-0.3122,0,0,0.1357,0,1]},
{"frame":16,"values":[-0.9849,-0.0444,0.1671,0,-0.1726,0.3095,-0.9351,0,-0.0102,-0.9499,-0.3125,0,0,0.1357,0,1]},
{"frame":17,"values":[-0.9962,-0.0177,0.0858,0,-0.087,0.3122,-0.946,0,-0.01,-0.9498,-0.3126,0,0,0.1357,0,1]},
{"frame":18,"values":[-0.9995,0.019,-0.0264,0,0.031,0.3133,-0.9491,0,-0.0098,-0.9495,-0.3138,0,0,0.1357,0,1]},
{"frame":19,"values":[-0.9853,0.0637,-0.1585,0,0.1705,0.3102,-0.9353,0,-0.0104,-0.9485,-0.3165,0,0,0.1357,0,1]},
{"frame":20,"values":[-0.9585,0.1028,-0.266,0,0.2848,0.3032,-0.9094,0,-0.0128,-0.9474,-0.3199,0,0,0.1357,0,1]},
{"frame":21,"values":[-0.9248,0.1378,-0.3547,0,0.3802,0.2939,-0.877,0,-0.0166,-0.9458,-0.3242,0,0,0.1357,0,1]},
{"frame":22,"values":[-0.8895,0.1681,-0.425,0,0.4565,0.2838,-0.8433,0,-0.0211,-0.944,-0.3291,0,0,0.1357,0,1]},
{"frame":23,"values":[-0.8578,0.1922,-0.4768,0,0.5134,0.2743,-0.8131,0,-0.0255,-0.9422,-0.334,0,0,0.1357,0,1]},
{"frame":24,"values":[-0.8348,0.2085,-0.5095,0,0.5497,0.2673,-0.7914,0,-0.0288,-0.9408,-0.3378,0,0,0.1357,0,1]},
{"frame":25,"values":[-0.8259,0.2146,-0.5214,0,0.563,0.2645,-0.783,0,-0.0301,-0.9402,-0.3393,0,0,0.1357,0,1]}],"loopBehavior":1,"name":"anim","property":"_matrix"}},
{"name":"Lower.Leg.L","index":12,"matrix":[0.8679,-0.4968,-0.0052,0,0.4968,0.8676,0.0199,0,-0.0054,-0.0199,0.9998,0,0,0.6029,0,1],"rest":[0.9974,-0.0718,0,0,0.0718,0.9974,0.0029,0,-0.0002,-0.0029,1,0,0,0.6029,0,1],"parentBoneIndex":11,"length":0.5406
,"animation":{"dataType":3,"framePerSecond":24,"keys":[
{"frame":1,"values":[0.861,-0.5087,-0.0055,0,0.5087,0.8607,0.0204,0,-0.0056,-0.0203,0.9998,0,0,0.6029,0,1]},
{"frame":2,"values":[0.8698,-0.4933,-0.0051,0,0.4933,0.8696,0.0198,0,-0.0053,-0.0197,0.9998,0,0,0.6029,0,1]},
{"frame":3,"values":[0.8924,-0.4512,-0.0042,0,0.4512,0.8922,0.0181,0,-0.0044,-0.018,0.9998,0,0,0.6029,0,1]},
{"frame":4,"values":[0.9269,-0.3752,-0.0028,0,0.3752,0.9268,0.015,0,-0.003,-0.015,0.9999,0,0,0.6029,0,1]},
{"frame":5,"values":[0.9674,-0.2533,-0.0012,0,0.2533,0.9673,0.0102,0,-0.0014,-0.0101,0.9999,0,0,0.6029,0,1]},
{"frame":6,"values":[0.9974,-0.0718,0,0,0.0718,0.9974,0.0029,0,-0.0002,-0.0029,1,0,0,0.6029,0,1]},
{"frame":7,"values":[1,-0.0045,0.0001,0,0.0045,1,0.0002,0,-0.0001,-0.0002,1,0,0,0.6029,0,1]},
{"frame":18,"values":[0.9974,-0.0718,0,0,0.0718,0.9974,0.0029,0,-0.0002,-0.0029,1,0,0,0.6029,0,1]},
{"frame":19,"values":[0.9803,-0.1975,-0.0007,0,0.1975,0.9803,0.0079,0,-0.0009,-0.0079,1,0,0,0.6029,0,1]},
{"frame":20,"values":[0.9573,-0.2892,-0.0016,0,0.2892,0.9572,0.0116,0,-0.0018,-0.0116,0.9999,0,0,0.6029,0,1]},
{"frame":21,"values":[0.9317,-0.3632,-0.0027,0,0.3632,0.9316,0.0146,0,-0.0028,-0.0145,0.9999,0,0,0.6029,0,1]},
{"frame":22,"values":[0.9066,-0.4219,-0.0037,0,0.4219,0.9065,0.0169,0,-0.0038,-0.0169,0.9998,0,0,0.6029,0,1]},
{"frame":23,"values":[0.8844,-0.4667,-0.0046,0,0.4667,0.8842,0.0187,0,-0.0047,-0.0187,0.9998,0,0,0.6029,0,1]},
{"frame":24,"values":[0.8679,-0.4968,-0.0052,0,0.4968,0.8676,0.0199,0,-0.0054,-0.0199,0.9998,0,0,0.6029,0,1]},
{"frame":25,"values":[0.861,-0.5087,-0.0055,0,0.5087,0.8607,0.0204,0,-0.0056,-0.0203,0.9998,0,0,0.6029,0,1]}],"loopBehavior":1,"name":"anim","property":"_matrix"}},
{"name":"Foot.L","index":13,"matrix":[-0.1496,0.0415,0.9879,0,-0.9848,0.0828,-0.1526,0,-0.0881,-0.9957,0.0285,0,0,0.5406,0,1],"rest":[-0.173,0.0156,0.9848,0,-0.9842,-0.0412,-0.1722,0,0.0379,-0.999,0.0225,0,0,0.5406,0,1],"parentBoneIndex":12,"length":0.209
,"animation":{"dataType":3,"framePerSecond":24,"keys":[
{"frame":1,"values":[-0.1482,0.0419,0.9881,0,-0.985,0.0833,-0.1513,0,-0.0887,-0.9956,0.0289,0,0,0.5406,0,1]},
{"frame":2,"values":[-0.1508,0.0407,0.9877,0,-0.985,0.079,-0.1536,0,-0.0843,-0.996,0.0282,0,0,0.5406,0,1]},
{"frame":3,"values":[-0.157,0.0375,0.9869,0,-0.9851,0.0653,-0.1592,0,-0.0704,-0.9972,0.0267,0,0,0.5406,0,1]},
{"frame":4,"values":[-0.1645,0.0321,0.9859,0,-0.9853,0.0413,-0.1657,0,-0.046,-0.9986,0.0248,0,0,0.5406,0,1]},
{"frame":5,"values":[-0.1706,0.0247,0.985,0,-0.9853,0.0061,-0.1708,0,-0.0103,-0.9997,0.0233,0,0,0.5406,0,1]},
{"frame":6,"values":[-0.173,0.0156,0.9848,0,-0.9842,-0.0412,-0.1722,0,0.0379,-0.999,0.0225,0,0,0.5406,0,1]},
{"frame":7,"values":[-0.1722,0.0053,0.9851,0,-0.9802,-0.1003,-0.1708,0,0.0979,-0.9949,0.0225,0,0,0.5406,0,1]},
{"frame":8,"values":[-0.1704,-0.0053,0.9854,0,-0.9717,-0.1649,-0.169,0,0.1634,-0.9863,0.0229,0,0,0.5406,0,1]},
{"frame":9,"values":[-0.168,-0.0153,0.9857,0,-0.9594,-0.2274,-0.167,0,0.2267,-0.9737,0.0236,0,0,0.5406,0,1]},
{"frame":10,"values":[-0.1654,-0.0234,0.986,0,-0.9455,-0.2804,-0.1652,0,0.2804,-0.9596,0.0242,0,0,0.5406,0,1]},
{"frame":11,"values":[-0.1632,-0.029,0.9862,0,-0.9341,-0.3171,-0.1639,0,0.3174,-0.948,0.0247,0,0,0.5406,0,1]},
{"frame":12,"values":[-0.1624,-0.031,0.9862,0,-0.9295,-0.3307,-0.1634,0,0.3313,-0.9432,0.0249,0,0,0.5406,0,1]},
{"frame":13,"values":[-0.1633,-0.0289,0.9862,0,-0.9342,-0.3168,-0.1639,0,0.3172,-0.948,0.0248,0,0,0.5406,0,1]},
{"frame":14,"values":[-0.1654,-0.0231,0.986,0,-0.9458,-0.2797,-0.1652,0,0.2796,-0.9598,0.0244,0,0,0.5406,0,1]},
{"frame":15,"values":[-0.1681,-0.0147,0.9857,0,-0.9597,-0.2261,-0.167,0,0.2253,-0.974,0.0239,0,0,0.5406,0,1]},
{"frame":16,"values":[-0.1705,-0.0047,0.9853,0,-0.972,-0.1633,-0.169,0,0.1617,-0.9866,0.0233,0,0,0.5406,0,1]},
{"frame":17,"values":[-0.1722,0.0058,0.985,0,-0.9803,-0.099,-0.1708,0,0.0965,-0.9951,0.0228,0,0,0.5406,0,1]},
{"frame":18,"values":[-0.173,0.0156,0.9848,0,-0.9842,-0.0412,-0.1722,0,0.0379,-0.999,0.0225,0,0,0.5406,0,1]},
{"frame":19,"values":[-0.1718,0.0238,0.9848,0,-0.9851,0.0038,-0.1719,0,-0.0079,-0.9997,0.0228,0,0,0.5406,0,1]},
{"frame":20,"values":[-0.1682,0.0302,0.9853,0,-0.9849,0.0364,-0.1693,0,-0.041,-0.9989,0.0236,0,0,0.5406,0,1]},
{"frame":21,"values":[-0.1633,0.035,0.986,0,-0.9845,0.0586,-0.1651,0,-0.0635,-0.9977,0.0249,0,0,0.5406,0,1]},
{"frame":22,"values":[-0.1579,0.0383,0.9867,0,-0.9844,0.0724,-0.1604,0,-0.0776,-0.9966,0.0262,0,0,0.5406,0,1]},
{"frame":23,"values":[-0.1531,0.0404,0.9874,0,-0.9845,0.0798,-0.1559,0,-0.0851,-0.996,0.0276,0,0,0.5406,0,1]},
{"frame":24,"values":[-0.1496,0.0415,0.9879,0,-0.9848,0.0828,-0.1526,0,-0.0881,-0.9957,0.0285,0,0,0.5406,0,1]},
{"frame":25,"values":[-0.1482,0.0419,0.9881,0,-0.985,0.0833,-0.1513,0,-0.0887,-0.9956,0.0289,0,0,0.5406,0,1]}],"loopBehavior":1,"name":"anim","property":"_matrix"}},
{"name":"Shoulder.R","index":14,"matrix":[-0.9993,0.0125,-0.0356,0,-0.0373,-0.1787,0.9832,0,0.006,0.9838,0.179,0,0,0.3191,0.0038,1],"rest":[-0.9993,0.0125,-0.0356,0,-0.0373,-0.1787,0.9832,0,0.006,0.9838,0.179,0,0,0.3191,0.0038,1],"parentBoneIndex":1,"length":0.3209
,"animation":{"dataType":3,"framePerSecond":24,"keys":[
{"frame":1,"values":[-0.9993,0.0125,-0.0356,0,-0.0373,-0.1787,0.9832,0,0.006,0.9838,0.179,0,0,0.3191,0.0038,1]},
{"frame":25,"values":[-0.9993,0.0125,-0.0356,0,-0.0373,-0.1787,0.9832,0,0.006,0.9838,0.179,0,0,0.3191,0.0038,1]}],"loopBehavior":1,"name":"anim","property":"_matrix"}},
{"name":"Upper.Arm.R","index":15,"matrix":[0.9539,0.0877,-0.2872,0,-0.3003,0.2736,-0.9138,0,-0.0015,0.9578,0.2873,0,0,0.3209,0,1],"rest":[0.9981,0.0608,-0.0046,0,-0.0605,0.9968,0.0514,0,0.0077,-0.051,0.9987,0,0,0.3209,0,1],"parentBoneIndex":14,"length":0.4067
,"animation":{"dataType":3,"framePerSecond":24,"keys":[
{"frame":1,"values":[0.952,0.0893,-0.2929,0,-0.3062,0.2768,-0.9108,0,-0.0002,0.9568,0.2909,0,0,0.3209,0,1]},
{"frame":2,"values":[0.9556,0.0874,-0.2815,0,-0.2948,0.2783,-0.9141,0,-0.0016,0.9565,0.2917,0,0,0.3209,0,1]},
{"frame":3,"values":[0.9649,0.0822,-0.2496,0,-0.2627,0.2821,-0.9227,0,-0.0055,0.9558,0.2938,0,0,0.3209,0,1]},
{"frame":4,"values":[0.977,0.074,-0.1999,0,-0.2129,0.2875,-0.9338,0,-0.0116,0.9549,0.2966,0,0,0.3209,0,1]},
{"frame":5,"values":[0.9888,0.0631,-0.1355,0,-0.1481,0.2933,-0.9445,0,-0.0198,0.9539,0.2994,0,0,0.3209,0,1]},
{"frame":6,"values":[0.997,0.0499,-0.0593,0,-0.0716,0.2987,-0.9517,0,-0.0298,0.953,0.3014,0,0,0.3209,0,1]},
{"frame":7,"values":[0.9991,0.0351,0.0247,0,0.0129,0.3033,-0.9528,0,-0.0409,0.9523,0.3025,0,0,0.3209,0,1]},
{"frame":8,"values":[0.9938,0.0198,0.1094,0,0.0981,0.3066,-0.9468,0,-0.0523,0.9516,0.3028,0,0,0.3209,0,1]},
{"frame":9,"values":[0.9823,0.0056,0.1871,0,0.1763,0.3083,-0.9348,0,-0.0629,0.9513,0.3019,0,0,0.3209,0,1]},
{"frame":10,"values":[0.9681,-0.0062,0.2507,0,0.2403,0.3083,-0.9204,0,-0.0716,0.9513,0.2999,0,0,0.3209,0,1]},
{"frame":11,"values":[0.9558,-0.0141,0.2935,0,0.2835,0.3067,-0.9086,0,-0.0772,0.9517,0.2971,0,0,0.3209,0,1]},
{"frame":12,"values":[0.9507,-0.0167,0.3098,0,0.3,0.3039,-0.9042,0,-0.079,0.9526,0.2939,0,0,0.3209,0,1]},
{"frame":13,"values":[0.9552,-0.0129,0.2958,0,0.2862,0.2966,-0.9111,0,-0.0759,0.9549,0.287,0,0,0.3209,0,1]},
{"frame":14,"values":[0.9666,-0.004,0.2563,0,0.2469,0.2833,-0.9267,0,-0.069,0.959,0.2748,0,0,0.3209,0,1]},
{"frame":15,"values":[0.9803,0.0079,0.1973,0,0.1881,0.2667,-0.9453,0,-0.06,0.9638,0.2599,0,0,0.3209,0,1]},
{"frame":16,"values":[0.9919,0.0204,0.1252,0,0.1163,0.2495,-0.9614,0,-0.0508,0.9682,0.2451,0,0,0.3209,0,1]},
{"frame":17,"values":[0.9984,0.0322,0.0474,0,0.0385,0.235,-0.9712,0,-0.0424,0.9715,0.2334,0,0,0.3209,0,1]},
{"frame":18,"values":[0.9987,0.0428,-0.0288,0,-0.0378,0.2268,-0.9732,0,-0.0351,0.973,0.2281,0,0,0.3209,0,1]},
{"frame":19,"values":[0.9939,0.0522,-0.0972,0,-0.1066,0.2267,-0.9681,0,-0.0285,0.9726,0.2309,0,0,0.3209,0,1]},
{"frame":20,"values":[0.9859,0.0611,-0.156,0,-0.166,0.2328,-0.9582,0,-0.0222,0.9706,0.2397,0,0,0.3209,0,1]},
{"frame":21,"values":[0.9764,0.0694,-0.2046,0,-0.2155,0.2428,-0.9458,0,-0.016,0.9676,0.252,0,0,0.3209,0,1]},
{"frame":22,"values":[0.967,0.077,-0.2428,0,-0.2546,0.2544,-0.933,0,-0.0101,0.964,0.2656,0,0,0.3209,0,1]},
{"frame":23,"values":[0.9591,0.0834,-0.2704,0,-0.283,0.2654,-0.9217,0,-0.0051,0.9605,0.2781,0,0,0.3209,0,1]},
{"frame":24,"values":[0.9539,0.0877,-0.2872,0,-0.3003,0.2736,-0.9138,0,-0.0015,0.9578,0.2873,0,0,0.3209,0,1]},
{"frame":25,"values":[0.952,0.0893,-0.2929,0,-0.3062,0.2768,-0.9108,0,-0.0002,0.9568,0.2909,0,0,0.3209,0,1]}],"loopBehavior":1,"name":"anim","property":"_matrix"}},
{"name":"Lower.Arm.R","index":16,"matrix":[0.8666,0.4192,-0.2706,0,-0.4757,0.8578,-0.1948,0,0.1505,0.2976,0.9428,0,0,0.4067,0,1],"rest":[0.9803,-0.012,-0.1969,0,0.0021,0.9987,-0.0502,0,0.1973,0.0488,0.9791,0,0,0.4067,0,1],"parentBoneIndex":15,"length":0.4159
,"animation":{"dataType":3,"framePerSecond":24,"keys":[
{"frame":1,"values":[0.8536,0.4414,-0.2768,0,-0.5007,0.8418,-0.2016,0,0.144,0.3107,0.9395,0,0,0.4067,0,1]},
{"frame":2,"values":[0.8795,0.3922,-0.2695,0,-0.4502,0.8692,-0.2045,0,0.1541,0.3012,0.941,0,0,0.4067,0,1]},
{"frame":3,"values":[0.93,0.2682,-0.2515,0,-0.3229,0.923,-0.2095,0,0.1759,0.276,0.9449,0,0,0.4067,0,1]},
{"frame":4,"values":[0.9669,0.1121,-0.2292,0,-0.162,0.9637,-0.2121,0,0.1972,0.2422,0.95,0,0,0.4067,0,1]},
{"frame":5,"values":[0.9773,-0.0212,-0.2106,0,-0.0243,0.9771,-0.2113,0,0.2103,0.2116,0.9545,0,0,0.4067,0,1]},
{"frame":6,"values":[0.9762,-0.0768,-0.2029,0,0.0332,0.9771,-0.2102,0,0.2144,0.1985,0.9564,0,0,0.4067,0,1]},
{"frame":7,"values":[0.9774,-0.0156,-0.2109,0,-0.0297,0.9772,-0.21,0,0.2094,0.2116,0.9547,0,0,0.4067,0,1]},
{"frame":8,"values":[0.9628,0.1396,-0.2315,0,-0.189,0.9599,-0.2072,0,0.1933,0.2433,0.9505,0,0,0.4067,0,1]},
{"frame":9,"values":[0.9052,0.3378,-0.2578,0,-0.3918,0.8984,-0.1984,0,0.1646,0.2806,0.9456,0,0,0.4067,0,1]},
{"frame":10,"values":[0.8067,0.5195,-0.2817,0,-0.5768,0.7958,-0.1841,0,0.1285,0.311,0.9417,0,0,0.4067,0,1]},
{"frame":11,"values":[0.7078,0.6408,-0.2975,0,-0.6997,0.6939,-0.1701,0,0.0974,0.3286,0.9394,0,0,0.4067,0,1]},
{"frame":12,"values":[0.6638,0.6838,-0.303,0,-0.7431,0.6487,-0.164,0,0.0844,0.334,0.9388,0,0,0.4067,0,1]},
{"frame":13,"values":[0.7055,0.6455,-0.2926,0,-0.7016,0.6945,-0.1595,0,0.1002,0.3178,0.9428,0,0,0.4067,0,1]},
{"frame":14,"values":[0.8002,0.5367,-0.2676,0,-0.5841,0.7986,-0.1449,0,0.1359,0.2723,0.9526,0,0,0.4067,0,1]},
{"frame":15,"values":[0.8972,0.3718,-0.2384,0,-0.407,0.9056,-0.1195,0,0.1715,0.2042,0.9638,0,0,0.4067,0,1]},
{"frame":16,"values":[0.9581,0.1897,-0.2148,0,-0.2124,0.9732,-0.0881,0,0.1923,0.13,0.9727,0,0,0.4067,0,1]},
{"frame":17,"values":[0.9785,0.0454,-0.2012,0,-0.0588,0.9964,-0.0613,0,0.1977,0.0718,0.9776,0,0,0.4067,0,1]},
{"frame":18,"values":[0.9803,-0.012,-0.1969,0,0.0021,0.9987,-0.0502,0,0.1973,0.0488,0.9791,0,0,0.4067,0,1]},
{"frame":19,"values":[0.9798,0.0144,-0.1993,0,-0.0268,0.9979,-0.0596,0,0.1981,0.0637,0.9781,0,0,0.4067,0,1]},
{"frame":20,"values":[0.9749,0.0826,-0.2067,0,-0.1017,0.9913,-0.0836,0,0.198,0.1025,0.9748,0,0,0.4067,0,1]},
{"frame":21,"values":[0.9597,0.1752,-0.2195,0,-0.2039,0.9722,-0.1154,0,0.1932,0.1555,0.9688,0,0,0.4067,0,1]},
{"frame":22,"values":[0.9323,0.2735,-0.2368,0,-0.3129,0.9381,-0.1482,0,0.1816,0.2123,0.9602,0,0,0.4067,0,1]},
{"frame":23,"values":[0.8975,0.3596,-0.2555,0,-0.4089,0.8954,-0.1761,0,0.1655,0.2625,0.9506,0,0,0.4067,0,1]},
{"frame":24,"values":[0.8666,0.4192,-0.2706,0,-0.4757,0.8578,-0.1948,0,0.1505,0.2976,0.9428,0,0,0.4067,0,1]},
{"frame":25,"values":[0.8536,0.4414,-0.2768,0,-0.5007,0.8418,-0.2016,0,0.144,0.3107,0.9395,0,0,0.4067,0,1]}],"loopBehavior":1,"name":"anim","property":"_matrix"}},
{"name":"Hand.R","index":17,"matrix":[0.9815,0.0018,0.1913,0,0.0082,0.9987,-0.0513,0,-0.1912,0.0519,0.9802,0,0,0.4159,0,1],"rest":[0.9815,0.0018,0.1913,0,0.0082,0.9987,-0.0513,0,-0.1912,0.0519,0.9802,0,0,0.4159,0,1],"parentBoneIndex":16,"length":0.1522
,"animation":{"dataType":3,"framePerSecond":24,"keys":[
{"frame":1,"values":[0.9815,0.0018,0.1913,0,0.0082,0.9987,-0.0513,0,-0.1912,0.0519,0.9802,0,0,0.4159,0,1]},
{"frame":25,"values":[0.9815,0.0018,0.1913,0,0.0082,0.9987,-0.0513,0,-0.1912,0.0519,0.9802,0,0,0.4159,0,1]}],"loopBehavior":1,"name":"anim","property":"_matrix"}},
{"name":"Thumb.R","index":18,"matrix":[0.2892,0.9324,0.2168,0,-0.913,0.3367,-0.2304,0,-0.2878,-0.1313,0.9487,0,0,0.4159,0,1],"rest":[0.2892,0.9324,0.2168,0,-0.913,0.3367,-0.2304,0,-0.2878,-0.1313,0.9487,0,0,0.4159,0,1],"parentBoneIndex":16,"length":0.1533
,"animation":{"dataType":3,"framePerSecond":24,"keys":[
{"frame":1,"values":[0.2892,0.9324,0.2168,0,-0.913,0.3367,-0.2304,0,-0.2878,-0.1313,0.9487,0,0,0.4159,0,1]},
{"frame":25,"values":[0.2892,0.9324,0.2168,0,-0.913,0.3367,-0.2304,0,-0.2878,-0.1313,0.9487,0,0,0.4159,0,1]}],"loopBehavior":1,"name":"anim","property":"_matrix"}},
{"name":"Hip.R","index":19,"matrix":[0.0631,-0.0226,0.9977,0,-0.9406,0.3327,0.0671,0,-0.3335,-0.9427,-0.0003,0,0,0.1782,0,1],"rest":[0.0631,-0.0226,0.9977,0,-0.9406,0.3327,0.0671,0,-0.3335,-0.9427,-0.0003,0,0,0.1782,0,1],"parentBoneIndex":9,"length":0.136
,"animation":{"dataType":3,"framePerSecond":24,"keys":[
{"frame":1,"values":[0.0631,-0.0226,0.9977,0,-0.9406,0.3327,0.0671,0,-0.3335,-0.9427,-0.0003,0,0,0.1782,0,1]},
{"frame":25,"values":[0.0631,-0.0226,0.9977,0,-0.9406,0.3327,0.0671,0,-0.3335,-0.9427,-0.0003,0,0,0.1782,0,1]}],"loopBehavior":1,"name":"anim","property":"_matrix"}},
{"name":"Upper.Leg.R","index":20,"matrix":[-0.9914,-0.0332,-0.1265,0,0.107,0.3502,-0.9306,0,0.0752,-0.9361,-0.3436,0,0,0.136,0,1],"rest":[-0.9949,-0.0848,0.0544,0,-0.0781,0.3087,-0.9479,0,0.0636,-0.9474,-0.3138,0,0,0.136,0,1],"parentBoneIndex":19,"length":0.6037
,"animation":{"dataType":3,"framePerSecond":24,"keys":[
{"frame":1,"values":[-0.9905,-0.0309,-0.1338,0,0.1145,0.3521,-0.9289,0,0.0758,-0.9354,-0.3453,0,0,0.136,0,1]},
{"frame":2,"values":[-0.9926,-0.0369,-0.1156,0,0.0956,0.3483,-0.9325,0,0.0747,-0.9367,-0.3422,0,0,0.136,0,1]},
{"frame":3,"values":[-0.9962,-0.0508,-0.0711,0,0.0498,0.3388,-0.9396,0,0.0718,-0.9395,-0.3349,0,0,0.136,0,1]},
{"frame":4,"values":[-0.9977,-0.0644,-0.0216,0,-0.0007,0.3267,-0.9451,0,0.0679,-0.9429,-0.326,0,0,0.136,0,1]},
{"frame":5,"values":[-0.9972,-0.0727,0.0148,0,-0.0371,0.316,-0.948,0,0.0642,-0.946,-0.3179,0,0,0.136,0,1]},
{"frame":6,"values":[-0.995,-0.0837,0.0547,0,-0.0781,0.3088,-0.9479,0,0.0625,-0.9474,-0.3138,0,0,0.136,0,1]},
{"frame":7,"values":[-0.9789,-0.1194,0.1661,0,-0.1949,0.2974,-0.9347,0,0.0622,-0.9473,-0.3143,0,0,0.136,0,1]},
{"frame":8,"values":[-0.9466,-0.1556,0.2823,0,-0.3164,0.2808,-0.9061,0,0.0617,-0.9471,-0.3151,0,0,0.136,0,1]},
{"frame":9,"values":[-0.9062,-0.1851,0.3802,0,-0.4184,0.2627,-0.8694,0,0.061,-0.9469,-0.3155,0,0,0.136,0,1]},
{"frame":10,"values":[-0.8664,-0.2068,0.4544,0,-0.4956,0.2461,-0.8329,0,0.0604,-0.9469,-0.3158,0,0,0.136,0,1]},
{"frame":11,"values":[-0.8361,-0.2205,0.5023,0,-0.5452,0.234,-0.805,0,0.06,-0.9469,-0.3159,0,0,0.136,0,1]},
{"frame":12,"values":[-0.8241,-0.2254,0.5197,0,-0.5633,0.2292,-0.7938,0,0.0598,-0.9469,-0.3159,0,0,0.136,0,1]},
{"frame":13,"values":[-0.8363,-0.2204,0.5019,0,-0.5449,0.2341,-0.8051,0,0.06,-0.9469,-0.3159,0,0,0.136,0,1]},
{"frame":14,"values":[-0.867,-0.2066,0.4534,0,-0.4946,0.2465,-0.8335,0,0.0604,-0.9469,-0.3159,0,0,0.136,0,1]},
{"frame":15,"values":[-0.9072,-0.1845,0.378,0,-0.4162,0.2634,-0.8703,0,0.061,-0.9469,-0.3158,0,0,0.136,0,1]},
{"frame":16,"values":[-0.9478,-0.1546,0.279,0,-0.3129,0.2816,-0.9071,0,0.0617,-0.947,-0.3153,0,0,0.136,0,1]},
{"frame":17,"values":[-0.9797,-0.1181,0.1619,0,-0.1905,0.298,-0.9354,0,0.0622,-0.9472,-0.3145,0,0,0.136,0,1]},
{"frame":18,"values":[-0.995,-0.0837,0.0547,0,-0.0781,0.3088,-0.9479,0,0.0625,-0.9474,-0.3138,0,0,0.136,0,1]},
{"frame":19,"values":[-0.9974,-0.0711,0.0125,0,-0.0343,0.3144,-0.9487,0,0.0635,-0.9466,-0.316,0,0,0.136,0,1]},
{"frame":20,"values":[-0.9978,-0.0647,-0.0139,0,-0.0076,0.3211,-0.947,0,0.0657,-0.9448,-0.3209,0,0,0.136,0,1]},
{"frame":21,"values":[-0.9974,-0.0572,-0.0439,0,0.0227,0.3292,-0.944,0,0.0685,-0.9425,-0.3271,0,0,0.136,0,1]},
{"frame":22,"values":[-0.9959,-0.0484,-0.0763,0,0.0556,0.3376,-0.9397,0,0.0713,-0.9401,-0.3335,0,0,0.136,0,1]},
{"frame":23,"values":[-0.9936,-0.0397,-0.1058,0,0.0857,0.3449,-0.9347,0,0.0736,-0.9378,-0.3393,0,0,0.136,0,1]},
{"frame":24,"values":[-0.9914,-0.0332,-0.1265,0,0.107,0.3502,-0.9306,0,0.0752,-0.9361,-0.3436,0,0,0.136,0,1]},
{"frame":25,"values":[-0.9905,-0.0309,-0.1338,0,0.1145,0.3521,-0.9289,0,0.0758,-0.9354,-0.3453,0,0,0.136,0,1]}],"loopBehavior":1,"name":"anim","property":"_matrix"}},
{"name":"Lower.Leg.R","index":21,"matrix":[0.8917,0.4526,0.0023,0,-0.4526,0.8917,0.01,0,0.0025,-0.01,0.9999,0,0,0.6037,0,1],"rest":[0.9915,0.13,0.0001,0,-0.13,0.9915,0.0029,0,0.0003,-0.0029,1,0,0,0.6037,0,1],"parentBoneIndex":20,"length":0.5415
,"animation":{"dataType":3,"framePerSecond":24,"keys":[
{"frame":1,"values":[0.8878,0.4601,0.0024,0,-0.4601,0.8878,0.0102,0,0.0026,-0.0101,0.9999,0,0,0.6037,0,1]},
{"frame":2,"values":[0.8927,0.4507,0.0023,0,-0.4507,0.8926,0.01,0,0.0024,-0.0099,0.9999,0,0,0.6037,0,1]},
{"frame":3,"values":[0.9077,0.4197,0.002,0,-0.4197,0.9076,0.0093,0,0.0021,-0.0092,1,0,0,0.6037,0,1]},
{"frame":4,"values":[0.9362,0.3514,0.0013,0,-0.3514,0.9362,0.0078,0,0.0015,-0.0077,1,0,0,0.6037,0,1]},
{"frame":5,"values":[0.9722,0.2342,0.0005,0,-0.2342,0.9722,0.0052,0,0.0007,-0.0052,1,0,0,0.6037,0,1]},
{"frame":6,"values":[0.9915,0.13,0.0001,0,-0.13,0.9915,0.0029,0,0.0003,-0.0029,1,0,0,0.6037,0,1]},
{"frame":7,"values":[0.9779,0.2091,0.0004,0,-0.2091,0.9779,0.0046,0,0.0006,-0.0046,1,0,0,0.6037,0,1]},
{"frame":8,"values":[0.9452,0.3264,0.0011,0,-0.3264,0.9452,0.0072,0,0.0013,-0.0072,1,0,0,0.6037,0,1]},
{"frame":9,"values":[0.9021,0.4315,0.0021,0,-0.4315,0.9021,0.0095,0,0.0022,-0.0095,1,0,0,0.6037,0,1]},
{"frame":10,"values":[0.8581,0.5135,0.0031,0,-0.5135,0.858,0.0114,0,0.0032,-0.0113,0.9999,0,0,0.6037,0,1]},
{"frame":11,"values":[0.8229,0.5682,0.0038,0,-0.5682,0.8228,0.0126,0,0.004,-0.0125,0.9999,0,0,0.6037,0,1]},
{"frame":12,"values":[0.8081,0.589,0.0042,0,-0.589,0.808,0.013,0,0.0043,-0.013,0.9999,0,0,0.6037,0,1]},
{"frame":13,"values":[0.8206,0.5716,0.0039,0,-0.5716,0.8205,0.0126,0,0.004,-0.0126,0.9999,0,0,0.6037,0,1]},
{"frame":14,"values":[0.8513,0.5247,0.0032,0,-0.5247,0.8512,0.0116,0,0.0034,-0.0116,0.9999,0,0,0.6037,0,1]},
{"frame":15,"values":[0.8929,0.4503,0.0023,0,-0.4503,0.8928,0.01,0,0.0024,-0.0099,0.9999,0,0,0.6037,0,1]},
{"frame":16,"values":[0.9374,0.3483,0.0013,0,-0.3483,0.9373,0.0077,0,0.0015,-0.0077,1,0,0,0.6037,0,1]},
{"frame":17,"values":[0.9747,0.2234,0.0005,0,-0.2234,0.9747,0.0049,0,0.0006,-0.0049,1,0,0,0.6037,0,1]},
{"frame":18,"values":[0.9915,0.13,0.0001,0,-0.13,0.9915,0.0029,0,0.0003,-0.0029,1,0,0,0.6037,0,1]},
{"frame":19,"values":[0.9827,0.1854,0.0003,0,-0.1854,0.9827,0.0041,0,0.0005,-0.0041,1,0,0,0.6037,0,1]},
{"frame":20,"values":[0.9617,0.2743,0.0008,0,-0.2743,0.9616,0.0061,0,0.0009,-0.006,1,0,0,0.6037,0,1]},
{"frame":21,"values":[0.9379,0.3468,0.0013,0,-0.3468,0.9379,0.0077,0,0.0015,-0.0076,1,0,0,0.6037,0,1]},
{"frame":22,"values":[0.9172,0.3985,0.0017,0,-0.3985,0.9171,0.0088,0,0.0019,-0.0088,1,0,0,0.6037,0,1]},
{"frame":23,"values":[0.9017,0.4324,0.0021,0,-0.4324,0.9016,0.0096,0,0.0022,-0.0095,1,0,0,0.6037,0,1]},
{"frame":24,"values":[0.8917,0.4526,0.0023,0,-0.4526,0.8917,0.01,0,0.0025,-0.01,0.9999,0,0,0.6037,0,1]},
{"frame":25,"values":[0.8878,0.4601,0.0024,0,-0.4601,0.8878,0.0102,0,0.0026,-0.0101,0.9999,0,0,0.6037,0,1]}],"loopBehavior":1,"name":"anim","property":"_matrix"}},
{"name":"Foot.R","index":22,"matrix":[-0.1476,-0.0919,-0.9848,0,0.87,-0.4856,-0.0851,0,-0.4704,-0.8693,0.1516,0,0,0.5415,0,1],"rest":[-0.1694,-0.011,-0.9855,0,0.9833,-0.0695,-0.1683,0,-0.0666,-0.9975,0.0225,0,0,0.5415,0,1],"parentBoneIndex":21,"length":0.214
,"animation":{"dataType":3,"framePerSecond":24,"keys":[
{"frame":1,"values":[-0.1471,-0.0968,-0.9844,0,0.8615,-0.5015,-0.0794,0,-0.486,-0.8597,0.1571,0,0,0.5415,0,1]},
{"frame":2,"values":[-0.1479,-0.0876,-0.9851,0,0.879,-0.4682,-0.0904,0,-0.4533,-0.8793,0.1463,0,0,0.5415,0,1]},
{"frame":3,"values":[-0.1513,-0.0658,-0.9863,0,0.9168,-0.3823,-0.1152,0,-0.3695,-0.9217,0.1181,0,0,0.5415,0,1]},
{"frame":4,"values":[-0.1579,-0.0401,-0.9866,0,0.9533,-0.2669,-0.1417,0,-0.2577,-0.9629,0.0803,0,0,0.5415,0,1]},
{"frame":5,"values":[-0.1655,-0.0193,-0.986,0,0.9753,-0.1517,-0.1607,0,-0.1464,-0.9882,0.044,0,0,0.5415,0,1]},
{"frame":6,"values":[-0.1694,-0.011,-0.9855,0,0.9833,-0.0695,-0.1683,0,-0.0666,-0.9975,0.0225,0,0,0.5415,0,1]},
{"frame":7,"values":[-0.1695,-0.0124,-0.9855,0,0.9853,-0.0231,-0.1691,0,-0.0207,-0.9997,0.0162,0,0,0.5415,0,1]},
{"frame":8,"values":[-0.1695,-0.0161,-0.9854,0,0.9855,0.008,-0.1696,0,0.0106,-0.9998,0.0145,0,0,0.5415,0,1]},
{"frame":9,"values":[-0.1695,-0.0209,-0.9853,0,0.9851,0.0269,-0.17,0,0.03,-0.9994,0.016,0,0,0.5415,0,1]},
{"frame":10,"values":[-0.1695,-0.0257,-0.9852,0,0.9847,0.0366,-0.1703,0,0.0404,-0.999,0.0191,0,0,0.5415,0,1]},
{"frame":11,"values":[-0.1695,-0.0294,-0.9851,0,0.9845,0.0402,-0.1706,0,0.0446,-0.9988,0.0221,0,0,0.5415,0,1]},
{"frame":12,"values":[-0.1695,-0.0309,-0.9851,0,0.9845,0.0407,-0.1706,0,0.0454,-0.9987,0.0235,0,0,0.5415,0,1]},
{"frame":13,"values":[-0.1695,-0.0294,-0.9851,0,0.9845,0.0402,-0.1706,0,0.0446,-0.9988,0.0221,0,0,0.5415,0,1]},
{"frame":14,"values":[-0.1695,-0.0257,-0.9852,0,0.9847,0.0366,-0.1703,0,0.0404,-0.999,0.0191,0,0,0.5415,0,1]},
{"frame":15,"values":[-0.1695,-0.0209,-0.9853,0,0.9851,0.0269,-0.17,0,0.03,-0.9994,0.016,0,0,0.5415,0,1]},
{"frame":16,"values":[-0.1695,-0.0161,-0.9854,0,0.9855,0.008,-0.1696,0,0.0106,-0.9998,0.0145,0,0,0.5415,0,1]},
{"frame":17,"values":[-0.1695,-0.0124,-0.9855,0,0.9853,-0.0231,-0.1691,0,-0.0207,-0.9997,0.0162,0,0,0.5415,0,1]},
{"frame":18,"values":[-0.1694,-0.011,-0.9855,0,0.9833,-0.0695,-0.1683,0,-0.0666,-0.9975,0.0225,0,0,0.5415,0,1]},
{"frame":19,"values":[-0.1673,-0.0154,-0.9858,0,0.9772,-0.1349,-0.1637,0,-0.1304,-0.9907,0.0376,0,0,0.5415,0,1]},
{"frame":20,"values":[-0.1625,-0.0272,-0.9863,0,0.9646,-0.2146,-0.153,0,-0.2076,-0.9763,0.0611,0,0,0.5415,0,1]},
{"frame":21,"values":[-0.157,-0.0437,-0.9866,0,0.9444,-0.2989,-0.1371,0,-0.2889,-0.9533,0.0882,0,0,0.5415,0,1]},
{"frame":22,"values":[-0.1524,-0.0622,-0.9864,0,0.9184,-0.3776,-0.1181,0,-0.3651,-0.9239,0.1146,0,0,0.5415,0,1]},
{"frame":23,"values":[-0.1492,-0.0793,-0.9856,0,0.8914,-0.4423,-0.0994,0,-0.428,-0.8934,0.1367,0,0,0.5415,0,1]},
{"frame":24,"values":[-0.1476,-0.0919,-0.9848,0,0.87,-0.4856,-0.0851,0,-0.4704,-0.8693,0.1516,0,0,0.5415,0,1]},
{"frame":25,"values":[-0.1471,-0.0968,-0.9844,0,0.8615,-0.5015,-0.0794,0,-0.486,-0.8597,0.1571,0,0,0.5415,0,1]}],"loopBehavior":1,"name":"anim","property":"_matrix"}},
{"name":"IK.Leg.L","index":23,"matrix":[1,0,0,0,0,-1,0,0,0,0,1,0,0.1171,2.4374,-0.3605,1],"rest":[1,0,0,0,0,-1,0,0,0,0,1,0,0.0974,2.4214,0.0094,1],"parentBoneIndex":-1,"length":0.2234
,"animation":{"dataType":3,"framePerSecond":24,"keys":[
{"frame":1,"values":[1,0,0,0,0,-1,0,0,0,0,1,0,0.1183,2.438,-0.3697,1]},
{"frame":2,"values":[1,0,0,0,0,-1,0,0,0,0,1,0,0.1161,2.4369,-0.3481,1]},
{"frame":3,"values":[1,0,0,0,0,-1,0,0,0,0,1,0,0.1109,2.434,-0.2897,1]},
{"frame":4,"values":[1,0,0,0,0,-1,0,0,0,0,1,0,0.1047,2.43,-0.2042,1]},
{"frame":5,"values":[1,0,0,0,0,-1,0,0,0,0,1,0,0.0996,2.4256,-0.1013,1]},
{"frame":6,"values":[1,0,0,0,0,-1,0,0,0,0,1,0,0.0974,2.4214,0.0094,1]},
{"frame":7,"values":[1,0,0,0,0,-1,0,0,0,0,1,0,0.0974,2.4179,0.1188,1]},
{"frame":8,"values":[1,0,0,0,0,-1,0,0,0,0,1,0,0.0974,2.4153,0.2208,1]},
{"frame":9,"values":[1,0,0,0,0,-1,0,0,0,0,1,0,0.0974,2.4134,0.3097,1]},
