{"producer":{"name":"Blender","version":"2.80 (sub 75)","exporter_version":"6.2.3","file":"player.babylon"},
"autoClear":true,"clearColor":[0.0509,0.0509,0.0509],"gravity":[0,-9.81,0],
"materials":[{"name":"Material","id":"Material","customType":"BABYLON.PBRMaterial","backFaceCulling":true,"checkReadyOnlyOnce":false,"maxSimultaneousLights":4,"environmentIntensity":1,"reflectivity":[0.5,0.5,0.5],"roughness":0.5,"alpha":1,"transparencyMode":0,"alphaCutOff":0.4,"metallic":0, 
"albedoTexture":{"name":"character_1_texture_v10.png","level":1,"hasAlpha":true,"coordinatesMode":0,"uOffset":0,"vOffset":0,"uScale":1,"vScale":1,"uAng":0,"vAng":0,"wAng":0,"wrapU":1,"wrapV":1,"coordinatesIndex":0},"useAlphaFromAlbedoTexture":true}],
"multiMaterials":[],
"skeletons":[{"name":"Armature","id":0,"dimensionsAtRest":[2.5853,2.8361,1.5922],"bones":[
{"name":"Lower_body","index":0,"matrix":[0,0,-1,0,0.0076,1,0,0,-1,0.0076,0,0,-0.0009,1.4829,0.0642,1],"rest":[0,0,-1,0,0.0076,1,0,0,-1,0.0076,0,0,0.0055,1.4964,0.0642,1],"parentBoneIndex":-1,"length":0.2659
,"animation":{"dataType":3,"framePerSecond":24,"keys":[
{"frame":1,"values":[0,0,-1,0,0.0076,1,0,0,-1,0.0076,0,0,0.0039,1.4724,0.0642,1]},
{"frame":2,"values":[0,0,-1,0,0.0076,1,0,0,-1,0.0076,0,0,0.0034,1.4662,0.0642,1]},
{"frame":3,"values":[0,0,-1,0,0.0076,1,0,0,-1,0.0076,0,0,0.0023,1.4514,0.0642,1]},
{"frame":4,"values":[0,0,-1,0,0.0076,1,0,0,-1,0.0076,0,0,0.001,1.4338,0.0642,1]},
{"frame":5,"values":[0,0,-1,0,0.0076,1,0,0,-1,0.0076,0,0,-0.0002,1.419,0.0642,1]},
{"frame":6,"values":[0,0,-1,0,0.0076,1,0,0,-1,0.0076,0,0,-0.0009,1.4128,0.0642,1]},
{"frame":7,"values":[0,0,-1,0,0.0076,1,0,0,-1,0.0076,0,0,-0.0011,1.4184,0.0642,1]},
{"frame":8,"values":[0,0,-1,0,0.0076,1,0,0,-1,0.0076,0,0,-0.0011,1.4324,0.0642,1]},
{"frame":9,"values":[0,0,-1,0,0.0076,1,0,0,-1,0.0076,0,0,-0.0011,1.4506,0.0642,1]},
{"frame":10,"values":[0,0,-1,0,0.0076,1,0,0,-1,0.0076,0,0,-0.001,1.4689,0.0642,1]},
{"frame":11,"values":[0,0,-1,0,0.0076,1,0,0,-1,0.0076,0,0,-0.0009,1.4829,0.0642,1]},
{"frame":12,"values":[0,0,-1,0,0.0076,1,0,0,-1,0.0076,0,0,-0.0009,1.4885,0.0642,1]},
{"frame":13,"values":[0,0,-1,0,0.0076,1,0,0,-1,0.0076,0,0,0.0012,1.4831,0.0642,1]},
{"frame":14,"values":[0,0,-1,0,0.0076,1,0,0,-1,0.0076,0,0,0.0065,1.4699,0.0642,1]},
{"frame":15,"values":[0,0,-1,0,0.0076,1,0,0,-1,0.0076,0,0,0.0134,1.4526,0.0642,1]},
{"frame":16,"values":[0,0,-1,0,0.0076,1,0,0,-1,0.0076,0,0,0.0203,1.4354,0.0642,1]},
{"frame":17,"values":[0,0,-1,0,0.0076,1,0,0,-1,0.0076,0,0,0.0256,1.4221,0.0642,1]},
{"frame":18,"values":[0,0,-1,0,0.0076,1,0,0,-1,0.0076,0,0,0.0278,1.4168,0.0642,1]},
{"frame":24,"values":[0,0,-1,0,0.0076,1,0,0,-1,0.0076,0,0,0.0278,1.4168,0.0642,1]}],"loopBehavior":1,"name":"anim","property":"_matrix"}},
{"name":"Middle_body","index":1,"matrix":[0,0.0076,-1,0,0,1,0.0076,0,1,0,0,0,0,0.2659,0,1],"rest":[0,0.0076,-1,0,0,1,0.0076,0,1,0,0,0,0,0.2659,0,1],"parentBoneIndex":0,"length":0.2028
,"animation":{"dataType":3,"framePerSecond":24,"keys":[
{"frame":1,"values":[0,0.0076,-1,0,0,1,0.0076,0,1,0,0,0,0,0.2659,0,1]},
{"frame":24,"values":[0,0.0076,-1,0,0,1,0.0076,0,1,0,0,0,0,0.2659,0,1]}],"loopBehavior":1,"name":"anim","property":"_matrix"}},
{"name":"Upper_body","index":2,"matrix":[0,0,1,0,0.004,1,0,0,-1,0.004,0,0,0,0.2028,0,1],"rest":[0,0,1,0,0.004,1,0,0,-1,0.004,0,0,0,0.2028,0,1],"parentBoneIndex":1,"length":0.4192
,"animation":{"dataType":3,"framePerSecond":24,"keys":[
{"frame":1,"values":[0,0,1,0,0.004,1,0,0,-1,0.004,0,0,0,0.2028,0,1]},
{"frame":24,"values":[0,0,1,0,0.004,1,0,0,-1,0.004,0,0,0,0.2028,0,1]}],"loopBehavior":1,"name":"anim","property":"_matrix"}},
{"name":"Upper_arm.L","index":3,"matrix":[0.9982,-0.06,-0.0003,0,-0.0598,-0.9941,-0.0909,0,0.0052,0.0908,-0.9959,0,-0.0694,0.4411,-0.3001,1],"rest":[1,0,0,0,0,-0.2138,-0.9769,0,0,0.9769,-0.2138,0,-0.0694,0.4411,-0.3001,1],"parentBoneIndex":2,"length":0.4596
,"animation":{"dataType":3,"framePerSecond":24,"keys":[
{"frame":1,"values":[0.9539,-0.3002,-0.0012,0,-0.299,-0.9499,-0.0908,0,0.0261,0.0869,-0.9959,0,-0.0694,0.4411,-0.3001,1]},
{"frame":7,"values":[0.9582,-0.2862,-0.0012,0,-0.2851,-0.9542,-0.0908,0,0.0248,0.0873,-0.9959,0,-0.0694,0.4411,-0.3001,1]},
{"frame":8,"values":[0.9686,-0.2487,-0.001,0,-0.2477,-0.9646,-0.0908,0,0.0216,0.0882,-0.9959,0,-0.0694,0.4411,-0.3001,1]},
{"frame":9,"values":[0.981,-0.1939,-0.0008,0,-0.1931,-0.977,-0.0909,0,0.0168,0.0893,-0.9959,0,-0.0694,0.4411,-0.3001,1]},
{"frame":10,"values":[0.9917,-0.1286,-0.0006,0,-0.1281,-0.9876,-0.0909,0,0.0111,0.0902,-0.9959,0,-0.0694,0.4411,-0.3001,1]},
{"frame":11,"values":[0.9982,-0.06,-0.0003,0,-0.0598,-0.9941,-0.0909,0,0.0052,0.0908,-0.9959,0,-0.0694,0.4411,-0.3001,1]},
{"frame":12,"values":[1,0.0045,0,0,0.0044,-0.9958,-0.091,0,-0.0004,0.091,-0.9959,0,-0.0694,0.4411,-0.3001,1]},
{"frame":13,"values":[0.9983,0.0588,0.0002,0,0.0586,-0.9941,-0.0909,0,-0.0051,0.0908,-0.9959,0,-0.0694,0.4411,-0.3001,1]},
{"frame":14,"values":[0.9948,0.1021,0.0004,0,0.1017,-0.9906,-0.0909,0,-0.0089,0.0905,-0.9959,0,-0.0694,0.4411,-0.3001,1]},
{"frame":15,"values":[0.9909,0.135,0.0005,0,0.1344,-0.9867,-0.0909,0,-0.0118,0.0902,-0.9959,0,-0.0694,0.4411,-0.3001,1]},
{"frame":16,"values":[0.9875,0.1578,0.0006,0,0.1572,-0.9834,-0.0909,0,-0.0138,0.0899,-0.9959,0,-0.0694,0.4411,-0.3001,1]},
{"frame":17,"values":[0.9852,0.1711,0.0007,0,0.1705,-0.9812,-0.0909,0,-0.0149,0.0897,-0.9959,0,-0.0694,0.4411,-0.3001,1]},
{"frame":18,"values":[0.9845,0.1755,0.0007,0,0.1748,-0.9804,-0.0909,0,-0.0153,0.0896,-0.9959,0,-0.0694,0.4411,-0.3001,1]},
{"frame":19,"values":[0.9855,0.1696,0.0007,0,0.1689,-0.9814,-0.0909,0,-0.0148,0.0897,-0.9959,0,-0.0694,0.4411,-0.3001,1]},
{"frame":20,"values":[0.988,0.1547,0.0006,0,0.1541,-0.9839,-0.0909,0,-0.0135,0.0899,-0.9959,0,-0.0694,0.4411,-0.3001,1]},
{"frame":21,"values":[0.9908,0.1353,0.0005,0,0.1347,-0.9867,-0.0909,0,-0.0118,0.0902,-0.9959,0,-0.0694,0.4411,-0.3001,1]},
{"frame":22,"values":[0.9933,0.1158,0.0004,0,0.1154,-0.9892,-0.0909,0,-0.0101,0.0904,-0.9959,0,-0.0694,0.4411,-0.3001,1]},
{"frame":23,"values":[0.9949,0.1008,0.0004,0,0.1004,-0.9908,-0.0909,0,-0.0088,0.0905,-0.9959,0,-0.0694,0.4411,-0.3001,1]},
{"frame":24,"values":[0.9955,0.0948,0.0003,0,0.0944,-0.9914,-0.0909,0,-0.0083,0.0906,-0.9959,0,-0.0694,0.4411,-0.3001,1]}],"loopBehavior":1,"name":"anim","property":"_matrix"}},
{"name":"Lower_arm.L","index":4,"matrix":[0.9903,-0.1385,0.0063,0,0.1384,0.9903,0.014,0,-0.0082,-0.013,0.9999,0,0,0.4596,0,1],"rest":[0.9998,-0.0186,-0.0041,0,0.0186,0.9997,0.0132,0,0.0039,-0.0133,0.9999,0,0,0.4596,0,1],"parentBoneIndex":3,"length":0.4113
,"animation":{"dataType":3,"framePerSecond":24,"keys":[
{"frame":1,"values":[0.8102,-0.5844,0.0452,0,0.5837,0.8115,0.0296,0,-0.054,0.0024,0.9985,0,0,0.4596,0,1]},
{"frame":7,"values":[0.8322,-0.5528,0.0425,0,0.5521,0.8333,0.0277,0,-0.0507,0.0004,0.9987,0,0,0.4596,0,1]},
{"frame":8,"values":[0.8821,-0.4698,0.0352,0,0.4692,0.8828,0.0234,0,-0.0421,-0.0041,0.9991,0,0,0.4596,0,1]},
{"frame":9,"values":[0.9347,-0.3545,0.0252,0,0.3542,0.935,0.0188,0,-0.0302,-0.0087,0.9995,0,0,0.4596,0,1]},
{"frame":10,"values":[0.9722,-0.2336,0.0146,0,0.2334,0.9723,0.0156,0,-0.0179,-0.0117,0.9998,0,0,0.4596,0,1]},
{"frame":11,"values":[0.9903,-0.1385,0.0063,0,0.1384,0.9903,0.014,0,-0.0082,-0.013,0.9999,0,0,0.4596,0,1]},
{"frame":12,"values":[0.9949,-0.1004,0.003,0,0.1003,0.9949,0.0136,0,-0.0043,-0.0132,0.9999,0,0,0.4596,0,1]},
{"frame":13,"values":[0.9925,-0.1224,0.0049,0,0.1224,0.9924,0.0138,0,-0.0066,-0.0131,0.9999,0,0,0.4596,0,1]},
{"frame":14,"values":[0.9841,-0.1775,0.0097,0,0.1773,0.984,0.0146,0,-0.0122,-0.0126,0.9998,0,0,0.4596,0,1]},
{"frame":15,"values":[0.9686,-0.2483,0.0159,0,0.248,0.9686,0.0159,0,-0.0194,-0.0115,0.9997,0,0,0.4596,0,1]},
{"frame":16,"values":[0.9479,-0.3178,0.022,0,0.3175,0.9481,0.0177,0,-0.0265,-0.0098,0.9996,0,0,0.4596,0,1]},
{"frame":17,"values":[0.9286,-0.37,0.0265,0,0.3696,0.929,0.0194,0,-0.0318,-0.0082,0.9995,0,0,0.4596,0,1]},
{"frame":18,"values":[0.9201,-0.3906,0.0283,0,0.3901,0.9205,0.0201,0,-0.0339,-0.0074,0.9994,0,0,0.4596,0,1]},
{"frame":19,"values":[0.9301,-0.3665,0.0262,0,0.366,0.9304,0.0192,0,-0.0314,-0.0083,0.9995,0,0,0.4596,0,1]},
{"frame":20,"values":[0.9522,-0.3049,0.0208,0,0.3046,0.9523,0.0173,0,-0.0251,-0.0101,0.9996,0,0,0.4596,0,1]},
{"frame":21,"values":[0.9748,-0.2227,0.0137,0,0.2225,0.9748,0.0154,0,-0.0168,-0.0119,0.9998,0,0,0.4596,0,1]},
{"frame":22,"values":[0.9903,-0.139,0.0064,0,0.1389,0.9902,0.014,0,-0.0083,-0.013,0.9999,0,0,0.4596,0,1]},
{"frame":23,"values":[0.9973,-0.074,0.0007,0,0.074,0.9972,0.0134,0,-0.0017,-0.0133,0.9999,0,0,0.4596,0,1]},
{"frame":24,"values":[0.9988,-0.048,-0.0016,0,0.048,0.9988,0.0133,0,0.0009,-0.0133,0.9999,0,0,0.4596,0,1]}],"loopBehavior":1,"name":"anim","property":"_matrix"}},
{"name":"Hand.L","index":5,"matrix":[0.9998,0.0186,0.0039,0,-0.0188,0.999,0.0411,0,-0.0031,-0.0411,0.9991,0,0,0.4113,0,1],"rest":[0.9998,0.0186,0.0039,0,-0.0188,0.999,0.0411,0,-0.0031,-0.0411,0.9991,0,0,0.4113,0,1],"parentBoneIndex":4,"length":0.1385
,"animation":{"dataType":3,"framePerSecond":24,"keys":[
{"frame":1,"values":[0.9998,0.0186,0.0039,0,-0.0188,0.999,0.0411,0,-0.0031,-0.0411,0.9991,0,0,0.4113,0,1]},
{"frame":24,"values":[0.9998,0.0186,0.0039,0,-0.0188,0.999,0.0411,0,-0.0031,-0.0411,0.9991,0,0,0.4113,0,1]}],"loopBehavior":1,"name":"anim","property":"_matrix"}},
{"name":"Neck","index":6,"matrix":[-1,0,0,0,0,0.9996,0.0284,0,0,0.0284,-0.9996,0,0,0.4192,0,1],"rest":[-1,0,0,0,0,0.9996,0.0284,0,0,0.0284,-0.9996,0,0,0.4192,0,1],"parentBoneIndex":2,"length":0.1019
,"animation":{"dataType":3,"framePerSecond":24,"keys":[
{"frame":1,"values":[-1,0,0,0,0,0.9996,0.0284,0,0,0.0284,-0.9996,0,0,0.4192,0,1]},
{"frame":24,"values":[-1,0,0,0,0,0.9996,0.0284,0,0,0.0284,-0.9996,0,0,0.4192,0,1]}],"loopBehavior":1,"name":"anim","property":"_matrix"}},
{"name":"Head","index":7,"matrix":[0,-0.0244,0.9997,0,0,0.9997,0.0244,0,-1,0,0,0,0,0.1019,0,1],"rest":[0,-0.0244,0.9997,0,0,0.9997,0.0244,0,-1,0,0,0,0,0.1019,0,1],"parentBoneIndex":6,"length":0.3677
,"animation":{"dataType":3,"framePerSecond":24,"keys":[
{"frame":1,"values":[0,-0.0244,0.9997,0,0,0.9997,0.0244,0,-1,0,0,0,0,0.1019,0,1]},
{"frame":24,"values":[0,-0.0244,0.9997,0,0,0.9997,0.0244,0,-1,0,0,0,0,0.1019,0,1]}],"loopBehavior":1,"name":"anim","property":"_matrix"}},
{"name":"Upper_leg.L","index":8,"matrix":[0.9984,0.0517,-0.0005,0,0.0517,-0.9982,-0.0319,0,-0.0015,0.0319,-0.9994,0,0,-0.0781,-0.165,1],"rest":[0.9992,0.0404,0.001,0,0.0405,-0.9989,-0.0252,0,0,0.0252,-0.9997,0,0,-0.0781,-0.165,1],"parentBoneIndex":0,"length":0.6141
,"animation":{"dataType":3,"framePerSecond":24,"keys":[
{"frame":1,"values":[0.9997,0.0052,0.0002,0,0.0052,-0.9996,-0.0287,0,0.0007,0.0287,-0.9995,0,0,-0.0781,-0.165,1]},
{"frame":2,"values":[0.9949,0.0982,0.0025,0,0.0983,-0.9949,-0.0234,0,0.0008,0.0236,-0.9996,0,0,-0.0781,-0.165,1]},
{"frame":3,"values":[0.973,0.2295,0.0052,0,0.2296,-0.9731,-0.0175,0,0.0017,0.0183,-0.9997,0,0,-0.0781,-0.165,1]},
{"frame":4,"values":[0.9432,0.3313,0.0073,0,0.3314,-0.9434,-0.0147,0,0.0026,0.0164,-0.9997,0,0,-0.0781,-0.165,1]},
{"frame":5,"values":[0.9177,0.3965,0.0088,0,0.3966,-0.9179,-0.0138,0,0.0032,0.0163,-0.9997,0,0,-0.0781,-0.165,1]},
{"frame":6,"values":[0.9073,0.4197,0.0093,0,0.4199,-0.9075,-0.014,0,0.0032,0.0167,-0.9997,0,0,-0.0781,-0.165,1]},
{"frame":7,"values":[0.9187,0.3942,0.0087,0,0.3943,-0.9188,-0.0158,0,0.0024,0.0181,-0.9997,0,0,-0.0781,-0.165,1]},
{"frame":8,"values":[0.9481,0.3169,0.007,0,0.317,-0.9482,-0.021,0,0.0006,0.0223,-0.9996,0,0,-0.0781,-0.165,1]},
{"frame":9,"values":[0.9889,0.1462,0.0022,0,0.1463,-0.9887,-0.0325,0,-0.002,0.0326,-0.9993,0,0,-0.0781,-0.165,1]},
{"frame":10,"values":[0.9943,0.1035,0.001,0,0.1036,-0.9941,-0.0322,0,-0.0017,0.0322,-0.9994,0,0,-0.0781,-0.165,1]},
{"frame":11,"values":[0.9984,0.0517,-0.0005,0,0.0517,-0.9982,-0.0319,0,-0.0015,0.0319,-0.9994,0,0,-0.0781,-0.165,1]},
{"frame":12,"values":[0.9996,-0.0089,-0.0023,0,-0.009,-0.9995,-0.0318,0,-0.0014,0.0318,-0.9994,0,0,-0.0781,-0.165,1]},
{"frame":13,"values":[0.9966,-0.0781,-0.0034,0,-0.0782,-0.9965,-0.0302,0,-0.0004,0.0304,-0.9994,0,0,-0.0781,-0.165,1]},
{"frame":14,"values":[0.988,-0.1523,-0.0029,0,-0.1523,-0.988,-0.0263,0,0.0018,0.0265,-0.9995,0,0,-0.0781,-0.165,1]},
{"frame":15,"values":[0.9961,-0.0849,0.0012,0,-0.0849,-0.9963,-0.01,0,0.0027,0.0098,-0.9998,0,0,-0.0781,-0.165,1]},
{"frame":16,"values":[0.9978,-0.0619,0.0034,0,-0.062,-0.9981,0.0031,0,0.0038,-0.0034,-0.9999,0,0,-0.0781,-0.165,1]},
{"frame":17,"values":[0.9977,-0.0638,0.0047,0,-0.064,-0.9979,0.0117,0,0.0045,-0.0121,-0.9998,0,0,-0.0781,-0.165,1]},
{"frame":18,"values":[0.9975,-0.0664,0.0052,0,-0.0666,-0.9977,0.0151,0,0.0048,-0.0155,-0.9997,0,0,-0.0781,-0.165,1]},
{"frame":19,"values":[0.9991,-0.0352,0.0054,0,-0.0354,-0.9992,0.0154,0,0.0055,-0.0157,-0.9997,0,0,-0.0781,-0.165,1]},
{"frame":20,"values":[0.9992,0.0316,0.0062,0,0.0314,-0.9994,0.0154,0,0.0073,-0.0152,-0.9997,0,0,-0.0781,-0.165,1]},
{"frame":21,"values":[0.9954,0.0926,0.0076,0,0.0925,-0.9956,0.0132,0,0.0094,-0.0125,-0.9998,0,0,-0.0781,-0.165,1]},
{"frame":22,"values":[0.9932,0.1136,0.0093,0,0.1135,-0.9935,0.0078,0,0.0108,-0.0067,-0.9998,0,0,-0.0781,-0.165,1]},
{"frame":23,"values":[0.9976,0.0636,0.0105,0,0.0636,-0.998,-0.0021,0,0.011,0.0028,-0.9998,0,0,-0.0781,-0.165,1]},
{"frame":24,"values":[0.9996,0.0019,0.0104,0,0.002,-0.9999,-0.0097,0,0.011,0.0098,-0.9998,0,0,-0.0781,-0.165,1]}],"loopBehavior":1,"name":"anim","property":"_matrix"}},
{"name":"Lower_leg.L","index":9,"matrix":[1,0.0054,0,0,-0.0053,1,0.0004,0,0,-0.0004,1,0,0,0.6141,0,1],"rest":[0.998,0.0629,0.0001,0,-0.0629,0.998,0.0049,0,0.0002,-0.0049,1,0,0,0.6141,0,1],"parentBoneIndex":8,"length":0.6463
,"animation":{"dataType":3,"framePerSecond":24,"keys":[
{"frame":1,"values":[1,0.0054,0,0,-0.0053,1,0.0004,0,0,-0.0004,1,0,0,0.6141,0,1]},
{"frame":2,"values":[0.9892,0.1465,0.0008,0,-0.1465,0.9891,0.0114,0,0.0009,-0.0114,0.9999,0,0,0.6141,0,1]},
{"frame":3,"values":[0.9524,0.3049,0.0037,0,-0.305,0.9521,0.0237,0,0.0037,-0.0237,0.9997,0,0,0.6141,0,1]},
{"frame":4,"values":[0.9215,0.3883,0.0061,0,-0.3885,0.921,0.0302,0,0.0061,-0.0302,0.9995,0,0,0.6141,0,1]},
{"frame":5,"values":[0.9066,0.4219,0.0072,0,-0.4221,0.906,0.0328,0,0.0073,-0.0328,0.9994,0,0,0.6141,0,1]},
{"frame":6,"values":[0.9033,0.4288,0.0075,0,-0.429,0.9027,0.0333,0,0.0075,-0.0333,0.9994,0,0,0.6141,0,1]},
{"frame":7,"values":[0.9197,0.3925,0.0062,0,-0.3927,0.9192,0.0305,0,0.0063,-0.0305,0.9995,0,0,0.6141,0,1]},
{"frame":8,"values":[0.9601,0.2797,0.0031,0,-0.2798,0.9598,0.0217,0,0.0031,-0.0217,0.9998,0,0,0.6141,0,1]},
{"frame":9,"values":[1,0.0054,0,0,-0.0053,1,0.0004,0,0,-0.0004,1,0,0,0.6141,0,1]},
{"frame":15,"values":[0.9605,0.2784,0.003,0,-0.2785,0.9602,0.0216,0,0.0031,-0.0216,0.9998,0,0,0.6141,0,1]},
{"frame":16,"values":[0.8984,0.4389,0.0079,0,-0.4391,0.8978,0.0341,0,0.0079,-0.0341,0.9994,0,0,0.6141,0,1]},
{"frame":17,"values":[0.8565,0.5159,0.0111,0,-0.5161,0.8556,0.0401,0,0.0112,-0.0401,0.9991,0,0,0.6141,0,1]},
{"frame":18,"values":[0.8407,0.5413,0.0123,0,-0.5415,0.8397,0.0421,0,0.0124,-0.0421,0.999,0,0,0.6141,0,1]},
{"frame":19,"values":[0.8366,0.5476,0.0127,0,-0.5479,0.8355,0.0426,0,0.0127,-0.0425,0.999,0,0,0.6141,0,1]},
{"frame":20,"values":[0.8381,0.5453,0.0125,0,-0.5455,0.8371,0.0424,0,0.0126,-0.0424,0.999,0,0,0.6141,0,1]},
{"frame":21,"values":[0.8656,0.5005,0.0104,0,-0.5008,0.8648,0.0389,0,0.0105,-0.0389,0.9992,0,0,0.6141,0,1]},
{"frame":22,"values":[0.922,0.3872,0.006,0,-0.3873,0.9215,0.0301,0,0.0061,-0.0301,0.9995,0,0,0.6141,0,1]},
{"frame":23,"values":[0.9848,0.1738,0.0011,0,-0.1738,0.9847,0.0135,0,0.0012,-0.0135,0.9999,0,0,0.6141,0,1]},
{"frame":24,"values":[1,0.0054,0,0,-0.0053,1,0.0004,0,0,-0.0004,1,0,0,0.6141,0,1]}],"loopBehavior":1,"name":"anim","property":"_matrix"}},
{"name":"Foot.L","index":10,"matrix":[-0.0006,-0.0225,-0.9997,0,0.6602,0.7509,-0.0173,0,0.7511,-0.6601,0.0144,0,0,0.6463,0,1],"rest":[-0.0005,-0.0224,-0.9997,0,0.6602,0.7509,-0.0172,0,0.7511,-0.66,0.0144,0,0,0.6463,0,1],"parentBoneIndex":9,"length":0.1352
,"animation":{"dataType":3,"framePerSecond":24,"keys":[
{"frame":1,"values":[-0.0006,-0.0225,-0.9997,0,0.6602,0.7509,-0.0173,0,0.7511,-0.6601,0.0144,0,0,0.6463,0,1]},
{"frame":24,"values":[-0.0006,-0.0225,-0.9997,0,0.6602,0.7509,-0.0173,0,0.7511,-0.6601,0.0144,0,0,0.6463,0,1]}],"loopBehavior":1,"name":"anim","property":"_matrix"}},
{"name":"Toes.L","index":11,"matrix":[1,0,-0.0001,0,0.0001,0.7507,0.6607,0,0.0001,-0.6607,0.7507,0,0,0.1352,0,1],"rest":[1,0,0,0,0,0.7506,0.6607,0,0,-0.6607,0.7506,0,0,0.1352,0,1],"parentBoneIndex":10,"length":0.1382
,"animation":{"dataType":3,"framePerSecond":24,"keys":[
{"frame":1,"values":[1,0,-0.0001,0,0.0001,0.7507,0.6607,0,0.0001,-0.6607,0.7507,0,0,0.1352,0,1]},
{"frame":24,"values":[1,0,-0.0001,0,0.0001,0.7507,0.6607,0,0.0001,-0.6607,0.7507,0,0,0.1352,0,1]}],"loopBehavior":1,"name":"anim","property":"_matrix"}},
{"name":"Leg_ik.L","index":12,"matrix":[1,0,0,0,0,0,1,0,0,1,0,0,0.1951,0.112,0.0009,1],"rest":[1,0,0,0,0,0,1,0,0,1,0,0,0.1951,0.1575,0.0539,1],"parentBoneIndex":-1,"length":0.1863
,"animation":{"dataType":3,"framePerSecond":24,"keys":[
{"frame":1,"values":[1,0,0,0,0,0,1,0,0,1,0,0,0.1951,0.1304,0.061,1]},
{"frame":2,"values":[1,0,0,0,0,0,1,0,0,1,0,0,0.1951,0.1304,0.0352,1]},
{"frame":3,"values":[1,0,0,0,0,0,1,0,0,1,0,0,0.1951,0.1304,-0.0263,1]},
{"frame":4,"values":[1,0,0,0,0,0,1,0,0,1,0,0,0.1951,0.1304,-0.0998,1]},
{"frame":5,"values":[1,0,0,0,0,0,1,0,0,1,0,0,0.1951,0.1304,-0.1614,1]},
{"frame":6,"values":[1,0,0,0,0,0,1,0,0,1,0,0,0.1951,0.1304,-0.1872,1]},
{"frame":7,"values":[1,0,0,0,0,0,1,0,0,1,0,0,0.1951,0.129,-0.1792,1]},
{"frame":8,"values":[1,0,0,0,0,0,1,0,0,1,0,0,0.1951,0.1253,-0.1557,1]},
{"frame":9,"values":[1,0,0,0,0,0,1,0,0,1,0,0,0.1951,0.1205,-0.1174,1]},
{"frame":10,"values":[1,0,0,0,0,0,1,0,0,1,0,0,0.1951,0.1157,-0.0649,1]},
{"frame":11,"values":[1,0,0,0,0,0,1,0,0,1,0,0,0.1951,0.112,0.0009,1]},
{"frame":12,"values":[1,0,0,0,0,0,1,0,0,1,0,0,0.1951,0.1105,0.0795,1]},
{"frame":13,"values":[1,0,0,0,0,0,1,0,0,1,0,0,0.1951,0.1176,0.1687,1]},
{"frame":14,"values":[1,0,0,0,0,0,1,0,0,1,0,0,0.1951,0.1353,0.2612,1]},
{"frame":15,"values":[1,0,0,0,0,0,1,0,0,1,0,0,0.1951,0.1583,0.3483,1]},
{"frame":16,"values":[1,0,0,0,0,0,1,0,0,1,0,0,0.1951,0.1813,0.4213,1]},
{"frame":17,"values":[1,0,0,0,0,0,1,0,0,1,0,0,0.1951,0.199,0.4715,1]},
{"frame":18,"values":[1,0,0,0,0,0,1,0,0,1,0,0,0.1951,0.206,0.4901,1]},
{"frame":19,"values":[1,0,0,0,0,0,1,0,0,1,0,0,0.1951,0.1961,0.4587,1]},
{"frame":20,"values":[1,0,0,0,0,0,1,0,0,1,0,0,0.1951,0.1714,0.3799,1]},
{"frame":21,"values":[1,0,0,0,0,0,1,0,0,1,0,0,0.1951,0.1392,0.2776,1]},
{"frame":22,"values":[1,0,0,0,0,0,1,0,0,1,0,0,0.1951,0.107,0.1753,1]},
{"frame":23,"values":[1,0,0,0,0,0,1,0,0,1,0,0,0.1951,0.0822,0.0966,1]},
{"frame":24,"values":[1,0,0,0,0,0,1,0,0,1,0,0,0.1951,0.0723,0.0651,1]}],"loopBehavior":1,"name":"anim","property":"_matrix"}},
{"name":"Pole_target.L","index":13,"matrix":[-1,0,0,0,0,0,-1,0,0,1,0,0,0.1807,0.8035,-1.1595,1],"rest":[-1,0,0,0,0,0,-1,0,0,1,0,0,0.1807,0.8035,-1.1595,1],"parentBoneIndex":-1,"length":0.1926
,"animation":{"dataType":3,"framePerSecond":24,"keys":[
{"frame":1,"values":[-1,0,0,0,0,0,-1,0,0,1,0,0,0.1807,0.8035,-1.1595,1]},
{"frame":24,"values":[-1,0,0,0,0,0,-1,0,0,1,0,0,0.1807,0.8035,-1.1595,1]}],"loopBehavior":1,"name":"anim","property":"_matrix"}},
{"name":"Upper_arm.L.001","index":14,"matrix":[0.9966,0.0821,0.0003,0,0.0816,-0.9912,0.1039,0,0.0088,-0.1035,-0.9946,0,-0.0694,0.4232,0.2923,1],"rest":[1,0,0,0,0,-0.1745,0.9847,0,0,-0.9847,-0.1745,0,-0.0694,0.4232,0.2923,1],"parentBoneIndex":2,"length":0.4553
,"animation":{"dataType":3,"framePerSecond":24,"keys":[
{"frame":1,"values":[0.9923,0.1239,0.0005,0,0.1232,-0.9869,0.1039,0,0.0133,-0.103,-0.9946,0,-0.0694,0.4232,0.2923,1]},
{"frame":7,"values":[0.9923,0.1236,0.0005,0,0.1229,-0.987,0.1039,0,0.0133,-0.103,-0.9946,0,-0.0694,0.4232,0.2923,1]},
{"frame":8,"values":[0.9926,0.1212,0.0005,0,0.1205,-0.9873,0.1039,0,0.013,-0.1031,-0.9946,0,-0.0694,0.4232,0.2923,1]},
{"frame":9,"values":[0.9934,0.1148,0.0004,0,0.1142,-0.988,0.1039,0,0.0124,-0.1031,-0.9946,0,-0.0694,0.4232,0.2923,1]},
{"frame":10,"values":[0.9947,0.1025,0.0004,0,0.1019,-0.9894,0.1039,0,0.011,-0.1033,-0.9946,0,-0.0694,0.4232,0.2923,1]},
{"frame":11,"values":[0.9966,0.0821,0.0003,0,0.0816,-0.9912,0.1039,0,0.0088,-0.1035,-0.9946,0,-0.0694,0.4232,0.2923,1]},
{"frame":12,"values":[0.9987,0.0517,0.0002,0,0.0514,-0.9933,0.1039,0,0.0055,-0.1037,-0.9946,0,-0.0694,0.4232,0.2923,1]},
{"frame":13,"values":[1,-0.0064,-0.0001,0,-0.0064,-0.9946,0.1039,0,-0.0007,-0.1039,-0.9946,0,-0.0694,0.4232,0.2923,1]},
{"frame":14,"values":[0.9954,-0.096,-0.0004,0,-0.0954,-0.99,0.1039,0,-0.0104,-0.1034,-0.9946,0,-0.0694,0.4232,0.2923,1]},
{"frame":15,"values":[0.9803,-0.1976,-0.0008,0,-0.1965,-0.975,0.1039,0,-0.0213,-0.1017,-0.9946,0,-0.0694,0.4232,0.2923,1]},
{"frame":16,"values":[0.9566,-0.2913,-0.0012,0,-0.2896,-0.9515,0.104,0,-0.0315,-0.0992,-0.9946,0,-0.0694,0.4232,0.2923,1]},
{"frame":17,"values":[0.9334,-0.359,-0.0015,0,-0.3569,-0.9283,0.1041,0,-0.0388,-0.0967,-0.9946,0,-0.0694,0.4232,0.2923,1]},
{"frame":18,"values":[0.923,-0.3849,-0.0016,0,-0.3826,-0.918,0.1042,0,-0.0416,-0.0956,-0.9946,0,-0.0694,0.4232,0.2923,1]},
{"frame":19,"values":[0.9336,-0.3583,-0.0015,0,-0.3562,-0.9286,0.1041,0,-0.0387,-0.0967,-0.9946,0,-0.0694,0.4232,0.2923,1]},
{"frame":20,"values":[0.957,-0.2902,-0.0012,0,-0.2886,-0.9518,0.104,0,-0.0313,-0.0992,-0.9946,0,-0.0694,0.4232,0.2923,1]},
{"frame":21,"values":[0.9799,-0.1993,-0.0008,0,-0.1981,-0.9746,0.1039,0,-0.0215,-0.1017,-0.9946,0,-0.0694,0.4232,0.2923,1]},
{"frame":22,"values":[0.9943,-0.1066,-0.0005,0,-0.106,-0.9889,0.1039,0,-0.0115,-0.1032,-0.9946,0,-0.0694,0.4232,0.2923,1]},
{"frame":23,"values":[0.9994,-0.0349,-0.0002,0,-0.0346,-0.994,0.1039,0,-0.0038,-0.1038,-0.9946,0,-0.0694,0.4232,0.2923,1]},
{"frame":24,"values":[1,-0.0062,-0.0001,0,-0.0062,-0.9946,0.1039,0,-0.0007,-0.1039,-0.9946,0,-0.0694,0.4232,0.2923,1]}],"loopBehavior":1,"name":"anim","property":"_matrix"}},
{"name":"Lower_arm.L.001","index":15,"matrix":[0.979,-0.0802,-0.1875,0,0.0791,0.9968,-0.0135,0,0.1879,-0.0016,0.9822,0,0,0.4553,0,1],"rest":[0.9833,-0.0201,-0.1809,0,0.018,0.9998,-0.0131,0,0.1812,0.0097,0.9834,0,0,0.4553,0,1],"parentBoneIndex":14,"length":0.4251
,"animation":{"dataType":3,"framePerSecond":24,"keys":[
{"frame":1,"values":[0.8068,-0.541,-0.2375,0,0.5503,0.8344,-0.0311,0,0.215,-0.1056,0.9709,0,0,0.4553,0,1]},
{"frame":7,"values":[0.8288,-0.5083,-0.2339,0,0.5167,0.8557,-0.0288,0,0.2148,-0.097,0.9718,0,0,0.4553,0,1]},
{"frame":8,"values":[0.8782,-0.4223,-0.2246,0,0.4284,0.9033,-0.0236,0,0.2128,-0.0755,0.9742,0,0,0.4553,0,1]},
{"frame":9,"values":[0.9292,-0.303,-0.2117,0,0.3062,0.9518,-0.0184,0,0.207,-0.0478,0.9772,0,0,0.4553,0,1]},
{"frame":10,"values":[0.9639,-0.1781,-0.1981,0,0.1787,0.9838,-0.0149,0,0.1975,-0.0211,0.9801,0,0,0.4553,0,1]},
{"frame":11,"values":[0.979,-0.0802,-0.1875,0,0.0791,0.9968,-0.0135,0,0.1879,-0.0016,0.9822,0,0,0.4553,0,1]},
{"frame":12,"values":[0.9822,-0.041,-0.1832,0,0.0393,0.9991,-0.0132,0,0.1836,0.0058,0.983,0,0,0.4553,0,1]},
{"frame":13,"values":[0.979,-0.0798,-0.1874,0,0.0786,0.9968,-0.0135,0,0.1879,-0.0016,0.9822,0,0,0.4553,0,1]},
{"frame":14,"values":[0.9642,-0.1765,-0.1979,0,0.1771,0.9841,-0.0148,0,0.1974,-0.0207,0.9801,0,0,0.4553,0,1]},
{"frame":15,"values":[0.9302,-0.3,-0.2113,0,0.3032,0.9528,-0.0182,0,0.2068,-0.0471,0.9772,0,0,0.4553,0,1]},
{"frame":16,"values":[0.8803,-0.4181,-0.2241,0,0.424,0.9054,-0.0234,0,0.2127,-0.0744,0.9743,0,0,0.4553,0,1]},
{"frame":17,"values":[0.832,-0.5033,-0.2334,0,0.5116,0.8588,-0.0284,0,0.2147,-0.0957,0.972,0,0,0.4553,0,1]},
{"frame":18,"values":[0.8104,-0.5358,-0.2369,0,0.5449,0.8379,-0.0307,0,0.215,-0.1042,0.971,0,0,0.4553,0,1]},
{"frame":19,"values":[0.8293,-0.5076,-0.2338,0,0.5159,0.8561,-0.0287,0,0.2148,-0.0968,0.9718,0,0,0.4553,0,1]},
{"frame":20,"values":[0.8721,-0.434,-0.2259,0,0.4404,0.8975,-0.0242,0,0.2132,-0.0783,0.9739,0,0,0.4553,0,1]},
{"frame":21,"values":[0.9182,-0.3328,-0.2149,0,0.3367,0.9414,-0.0195,0,0.2088,-0.0545,0.9764,0,0,0.4553,0,1]},
{"frame":22,"values":[0.9524,-0.2271,-0.2034,0,0.2287,0.9734,-0.016,0,0.2016,-0.0313,0.979,0,0,0.4553,0,1]},
{"frame":23,"values":[0.9703,-0.144,-0.1944,0,0.1439,0.9895,-0.0143,0,0.1944,-0.0141,0.9808,0,0,0.4553,0,1]},
{"frame":24,"values":[0.9754,-0.1105,-0.1908,0,0.1099,0.9938,-0.0138,0,0.1911,-0.0075,0.9815,0,0,0.4553,0,1]}],"loopBehavior":1,"name":"anim","property":"_matrix"}},
{"name":"Hand.L.001","index":16,"matrix":[0.9833,0.018,0.1812,0,-0.019,0.9998,0.0035,0,-0.1811,-0.0069,0.9834,0,0,0.4251,0,1],"rest":[0.9833,0.018,0.1812,0,-0.019,0.9998,0.0035,0,-0.1811,-0.0069,0.9834,0,0,0.4251,0,1],"parentBoneIndex":15,"length":0.1385
,"animation":{"dataType":3,"framePerSecond":24,"keys":[
{"frame":1,"values":[0.9833,0.018,0.1812,0,-0.019,0.9998,0.0035,0,-0.1811,-0.0069,0.9834,0,0,0.4251,0,1]},
{"frame":24,"values":[0.9833,0.018,0.1812,0,-0.019,0.9998,0.0035,0,-0.1811,-0.0069,0.9834,0,0,0.4251,0,1]}],"loopBehavior":1,"name":"anim","property":"_matrix"}},
{"name":"Upper_leg.L.001","index":17,"matrix":[0.9983,-0.0603,-0.0032,0,-0.0603,-0.9982,0.0047,0,-0.0034,-0.0045,-1,0,0,-0.096,0.1483,1],"rest":[0.9992,0.0405,0.001,0,0.0405,-0.9991,0.0099,0,0.0014,-0.0099,-0.9999,0,0,-0.096,0.1483,1],"parentBoneIndex":0,"length":0.6141
,"animation":{"dataType":3,"framePerSecond":24,"keys":[
{"frame":1,"values":[1.0002,0.0039,-0.0016,0,0.0039,-0.9999,0.0107,0,-0.0014,-0.0107,-1,0,0,-0.096,0.1483,1]},
{"frame":2,"values":[0.9963,0.0882,-0.0021,0,0.0882,-0.9961,0.0006,0,-0.0019,-0.0008,-1,0,0,-0.096,0.1483,1]},
{"frame":3,"values":[0.9867,0.1633,-0.0003,0,0.1633,-0.9865,-0.0137,0,-0.0024,0.0135,-0.9999,0,0,-0.096,0.1483,1]},
{"frame":4,"values":[0.9927,0.1221,0.002,0,0.1221,-0.9923,-0.0209,0,-0.0004,0.0209,-0.9998,0,0,-0.096,0.1483,1]},
{"frame":5,"values":[0.9994,0.0379,0.0034,0,0.038,-0.999,-0.0235,0,0.0026,0.0236,-0.9997,0,0,-0.096,0.1483,1]},
{"frame":6,"values":[1.0001,-0.0078,0.0037,0,-0.0076,-0.9997,-0.0241,0,0.004,0.024,-0.9997,0,0,-0.096,0.1483,1]},
{"frame":7,"values":[1.0001,0.0025,0.0031,0,0.0026,-0.9997,-0.0236,0,0.0032,0.0236,-0.9997,0,0,-0.096,0.1483,1]},
{"frame":8,"values":[0.9998,0.026,0.0018,0,0.0261,-0.9994,-0.0216,0,0.0014,0.0216,-0.9998,0,0,-0.096,0.1483,1]},
{"frame":9,"values":[0.9991,0.0456,0,0,0.0456,-0.9988,-0.0175,0,-0.0007,0.0175,-0.9999,0,0,-0.096,0.1483,1]},
{"frame":10,"values":[0.9993,0.0406,-0.002,0,0.0406,-0.9991,-0.0105,0,-0.0023,0.0104,-1,0,0,-0.096,0.1483,1]},
{"frame":11,"values":[0.9983,-0.0603,-0.0032,0,-0.0603,-0.9982,0.0047,0,-0.0034,-0.0045,-1,0,0,-0.096,0.1483,1]},
{"frame":12,"values":[1.0001,-0.0057,-0.0037,0,-0.0057,-1,0.0069,0,-0.0036,-0.0069,-1,0,0,-0.096,0.1483,1]},
{"frame":13,"values":[0.9978,0.0688,-0.0035,0,0.0688,-0.9976,0.0086,0,-0.0028,-0.0088,-1,0,0,-0.096,0.1483,1]},
{"frame":14,"values":[0.9913,0.1328,-0.0021,0,0.1328,-0.9911,0.0128,0,-0.0003,-0.013,-0.9999,0,0,-0.096,0.1483,1]},
{"frame":15,"values":[0.9828,0.1857,-0.0003,0,0.1856,-0.9825,0.0184,0,0.0032,-0.0181,-0.9998,0,0,-0.096,0.1483,1]},
{"frame":16,"values":[0.9744,0.2257,0.0015,0,0.2256,-0.9739,0.0241,0,0.007,-0.0231,-0.9997,0,0,-0.096,0.1483,1]},
{"frame":17,"values":[0.9682,0.251,0.0029,0,0.2507,-0.9676,0.0284,0,0.01,-0.0268,-0.9996,0,0,-0.096,0.1483,1]},
{"frame":18,"values":[0.966,0.2592,0.0035,0,0.2589,-0.9654,0.0301,0,0.0113,-0.0281,-0.9996,0,0,-0.096,0.1483,1]},
{"frame":19,"values":[0.9707,0.2411,0.0041,0,0.2408,-0.9701,0.03,0,0.0113,-0.0281,-0.9996,0,0,-0.096,0.1483,1]},
{"frame":20,"values":[0.976,0.2185,0.0046,0,0.2183,-0.9755,0.0284,0,0.0108,-0.0267,-0.9996,0,0,-0.096,0.1483,1]},
{"frame":21,"values":[0.9787,0.2061,0.0049,0,0.2059,-0.9783,0.0251,0,0.0101,-0.0235,-0.9997,0,0,-0.096,0.1483,1]},
{"frame":22,"values":[0.9906,0.1381,0.0067,0,0.1378,-0.9901,0.0258,0,0.0104,-0.0247,-0.9997,0,0,-0.096,0.1483,1]},
{"frame":23,"values":[0.9995,0.0352,0.0096,0,0.0349,-0.9989,0.0299,0,0.0108,-0.0295,-0.9995,0,0,-0.096,0.1483,1]},
{"frame":24,"values":[1,0.0172,0.0101,0,0.0169,-0.9994,0.0298,0,0.0107,-0.0296,-0.9995,0,0,-0.096,0.1483,1]}],"loopBehavior":1,"name":"anim","property":"_matrix"}},
{"name":"Lower_leg.L.001","index":18,"matrix":[0.998,0.063,0.0023,0,-0.063,0.998,-0.005,0,-0.0026,0.0048,1,0,0,0.6141,0,1],"rest":[0.998,0.0629,0.0023,0,-0.0628,0.998,-0.005,0,-0.0026,0.0048,1,0,0,0.6141,0,1],"parentBoneIndex":17,"length":0.6463
,"animation":{"dataType":3,"framePerSecond":24,"keys":[
{"frame":1,"values":[1,0.0053,0.0025,0,-0.0054,1,-0.0004,0,-0.0025,0.0004,1,0,0,0.6141,0,1]},
{"frame":2,"values":[0.9691,0.2467,0,0,-0.2466,0.9689,-0.0195,0,-0.0048,0.0189,0.9998,0,0,0.6141,0,1]},
{"frame":3,"values":[0.8269,0.5623,-0.0112,0,-0.562,0.8259,-0.0444,0,-0.0157,0.043,0.999,0,0,0.6141,0,1]},
{"frame":4,"values":[0.7164,0.6975,-0.0199,0,-0.6972,0.7147,-0.0551,0,-0.0242,0.0534,0.9983,0,0,0.6141,0,1]},
{"frame":5,"values":[0.6735,0.7389,-0.0233,0,-0.7386,0.6716,-0.0584,0,-0.0275,0.0565,0.998,0,0,0.6141,0,1]},
{"frame":6,"values":[0.6688,0.7431,-0.0237,0,-0.7428,0.6668,-0.0587,0,-0.0278,0.0568,0.998,0,0,0.6141,0,1]},
{"frame":7,"values":[0.6865,0.7268,-0.0223,0,-0.7265,0.6847,-0.0574,0,-0.0265,0.0556,0.9981,0,0,0.6141,0,1]},
{"frame":8,"values":[0.735,0.6779,-0.0185,0,-0.6776,0.7334,-0.0535,0,-0.0227,0.0519,0.9984,0,0,0.6141,0,1]},
{"frame":9,"values":[0.811,0.5849,-0.0125,0,-0.5846,0.8099,-0.0462,0,-0.0169,0.0447,0.9989,0,0,0.6141,0,1]},
{"frame":10,"values":[0.9059,0.4235,-0.005,0,-0.4233,0.9053,-0.0334,0,-0.0097,0.0324,0.9994,0,0,0.6141,0,1]},
{"frame":11,"values":[0.998,0.063,0.0023,0,-0.063,0.998,-0.005,0,-0.0026,0.0048,1,0,0,0.6141,0,1]},
{"frame":12,"values":[1,0.0053,0.0025,0,-0.0054,1,-0.0004,0,-0.0025,0.0004,1,0,0,0.6141,0,1]},
{"frame":16,"values":[1,0.0053,0.0025,0,-0.0053,1,-0.0004,0,-0.0025,0.0004,1,0,0,0.6141,0,1]},
{"frame":20,"values":[0.9988,0.0486,0.0024,0,-0.0486,0.9988,-0.0038,0,-0.0026,0.0037,1,0,0,0.6141,0,1]},
{"frame":21,"values":[0.9904,0.1383,0.0017,0,-0.1382,0.9903,-0.0109,0,-0.0032,0.0106,0.9999,0,0,0.6141,0,1]},
{"frame":22,"values":[0.9929,0.1185,0.0019,0,-0.1185,0.9929,-0.0094,0,-0.003,0.0091,1,0,0,0.6141,0,1]},
{"frame":23,"values":[1,0.0053,0.0025,0,-0.0053,1,-0.0004,0,-0.0025,0.0004,1,0,0,0.6141,0,1]},
{"frame":24,"values":[1,0.0053,0.0025,0,-0.0053,1,-0.0004,0,-0.0025,0.0004,1,0,0,0.6141,0,1]}],"loopBehavior":1,"name":"anim","property":"_matrix"}},
{"name":"Foot.L.001","index":19,"matrix":[-0.0005,0.0224,-0.9997,0,0.6602,0.7509,0.0165,0,0.7511,-0.66,-0.0152,0,0,0.6463,0,1],"rest":[-0.0005,0.0224,-0.9997,0,0.6602,0.7509,0.0165,0,0.7511,-0.66,-0.0152,0,0,0.6463,0,1],"parentBoneIndex":18,"length":0.1352
,"animation":{"dataType":3,"framePerSecond":24,"keys":[
{"frame":1,"values":[-0.0005,0.0224,-0.9997,0,0.6602,0.7509,0.0165,0,0.7511,-0.66,-0.0152,0,0,0.6463,0,1]},
{"frame":24,"values":[-0.0005,0.0224,-0.9997,0,0.6602,0.7509,0.0165,0,0.7511,-0.66,-0.0152,0,0,0.6463,0,1]}],"loopBehavior":1,"name":"anim","property":"_matrix"}},
{"name":"Toes.L.001","index":20,"matrix":[1,0,0,0,0,0.7506,0.6607,0,0,-0.6607,0.7506,0,0,0.1352,0,1],"rest":[1,0,0,0,0,0.7506,0.6607,0,0,-0.6607,0.7506,0,0,0.1352,0,1],"parentBoneIndex":19,"length":0.1382
,"animation":{"dataType":3,"framePerSecond":24,"keys":[
{"frame":1,"values":[1,0,0,0,0,0.7506,0.6607,0,0,-0.6607,0.7506,0,0,0.1352,0,1]},
{"frame":24,"values":[1,0,0,0,0,0.7506,0.6607,0,0,-0.6607,0.7506,0,0,0.1352,0,1]}],"loopBehavior":1,"name":"anim","property":"_matrix"}},
{"name":"Leg_ik.L.001","index":21,"matrix":[1,0,0,0,0,0,1,0,0,1,0,0,-0.1688,0.1337,0.1808,1],"rest":[1,0,0,0,0,0,1,0,0,1,0,0,-0.1688,0.142,0.0539,1],"parentBoneIndex":-1,"length":0.1863
,"animation":{"dataType":3,"framePerSecond":24,"keys":[
{"frame":1,"values":[1,0,0,0,0,0,1,0,0,1,0,0,-0.1688,0.104,0.0627,1]},
{"frame":2,"values":[1,0,0,0,0,0,1,0,0,1,0,0,-0.1688,0.1219,0.1136,1]},
{"frame":3,"values":[1,0,0,0,0,0,1,0,0,1,0,0,-0.1688,0.1646,0.2351,1]},
{"frame":4,"values":[1,0,0,0,0,0,1,0,0,1,0,0,-0.1688,0.2156,0.3801,1]},
{"frame":5,"values":[1,0,0,0,0,0,1,0,0,1,0,0,-0.1688,0.2582,0.5015,1]},
{"frame":6,"values":[1,0,0,0,0,0,1,0,0,1,0,0,-0.1688,0.2761,0.5525,1]},
{"frame":7,"values":[1,0,0,0,0,0,1,0,0,1,0,0,-0.1688,0.2653,0.5312,1]},
{"frame":8,"values":[1,0,0,0,0,0,1,0,0,1,0,0,-0.1688,0.2381,0.4738,1]},
{"frame":9,"values":[1,0,0,0,0,0,1,0,0,1,0,0,-0.1688,0.2019,0.3898,1]},
{"frame":10,"values":[1,0,0,0,0,0,1,0,0,1,0,0,-0.1688,0.1646,0.289,1]},
{"frame":11,"values":[1,0,0,0,0,0,1,0,0,1,0,0,-0.1688,0.1337,0.1808,1]},
{"frame":12,"values":[1,0,0,0,0,0,1,0,0,1,0,0,-0.1688,0.117,0.0749,1]},
{"frame":13,"values":[1,0,0,0,0,0,1,0,0,1,0,0,-0.1688,0.1117,-0.0203,1]},
{"frame":14,"values":[1,0,0,0,0,0,1,0,0,1,0,0,-0.1688,0.1093,-0.1019,1]},
{"frame":15,"values":[1,0,0,0,0,0,1,0,0,1,0,0,-0.1688,0.1085,-0.1683,1]},
{"frame":16,"values":[1,0,0,0,0,0,1,0,0,1,0,0,-0.1688,0.1079,-0.2178,1]},
{"frame":17,"values":[1,0,0,0,0,0,1,0,0,1,0,0,-0.1688,0.1064,-0.2487,1]},
{"frame":18,"values":[1,0,0,0,0,0,1,0,0,1,0,0,-0.1688,0.1026,-0.2593,1]},
{"frame":19,"values":[1,0,0,0,0,0,1,0,0,1,0,0,-0.1688,0.0957,-0.2367,1]},
{"frame":20,"values":[1,0,0,0,0,0,1,0,0,1,0,0,-0.1688,0.0867,-0.1801,1]},
{"frame":21,"values":[1,0,0,0,0,0,1,0,0,1,0,0,-0.1688,0.0771,-0.1065,1]},
{"frame":22,"values":[1,0,0,0,0,0,1,0,0,1,0,0,-0.1688,0.0684,-0.0329,1]},
{"frame":23,"values":[1,0,0,0,0,0,1,0,0,1,0,0,-0.1688,0.0621,0.0237,1]},
{"frame":24,"values":[1,0,0,0,0,0,1,0,0,1,0,0,-0.1688,0.0597,0.0463,1]}],"loopBehavior":1,"name":"anim","property":"_matrix"}},
{"name":"Pole_target.L.001","index":22,"matrix":[-1,0,0,0,0,0,-1,0,0,1,0,0,-0.1543,0.788,-1.1595,1],"rest":[-1,0,0,0,0,0,-1,0,0,1,0,0,-0.1543,0.788,-1.1595,1],"parentBoneIndex":-1,"length":0.1926
,"animation":{"dataType":3,"framePerSecond":24,"keys":[
{"frame":1,"values":[-1,0,0,0,0,0,-1,0,0,1,0,0,-0.1543,0.788,-1.1595,1]},
{"frame":24,"values":[-1,0,0,0,0,0,-1,0,0,1,0,0,-0.1543,0.788,-1.1595,1]}],"loopBehavior":1,"name":"anim","property":"_matrix"}}]
,"ranges":[{"name":"ArmatureAction","from":0,"to":24}]}],
"meshes":[{"name":"character","id":"character","materialId":"Material","billboardMode":0,"position":[0,0,0],"rotation":[0,0,0],"scaling":[1,1,1],"isVisible":true,"freezeWorldMatrix":false,"isEnabled":true,"checkCollisions":false,"receiveShadows":false,"pickable":true,"tags":"","skeletonId":0,"numBoneInfluencers":6
,"positions":[-0.1082,2.8967,-0.1298,-0.177,2.7464,0.2103,-0.177,2.6561,-0.2103,-0.177,2.7464,0.2103,0.0817,2.9086,0.1537,0.1505,2.7464,0.2103,0.1505,2.7464,0.2103,0.0817,2.8967,-0.1298,0.1505,2.6561,-0.2103,0.0817,2.8967,-0.1298,-0.177,2.6561,-0.2103,0.1505,2.6561,-0.2103,0.0723,2.5777,0.1553,-0.0988,2.4731,-0.1364,-0.0988,2.5777,0.1553,-0.1082,2.9086,0.1537,0.0817,2.8967,-0.1298
,0.0817,2.9086,0.1537,0.1505,2.6561,-0.2103,-0.0988,2.4731,-0.1364,0.0723,2.4731,-0.1364,0.0723,2.5777,0.1553,0.1505,2.6561,-0.2103,0.0723,2.4731,-0.1364,-0.0988,2.5777,0.1553,0.1505,2.7464,0.2103,0.0723,2.5777,0.1553,-0.177,2.6561,-0.2103,-0.0988,2.5777,0.1553,-0.0988,2.4731,-0.1364,-0.0765,2.3887,0.0451,-0.0713,2.5675,0.1503,-0.0765,2.4568,0.2031,-0.0713,2.5675,0.1503
,0.0557,2.4568,0.2031,-0.0765,2.4568,0.2031,0.0608,2.5675,0.1503,0.0557,2.3887,0.0451,0.0557,2.4568,0.2031,0.0557,2.5115,-0.0078,-0.0765,2.3887,0.0451,0.0557,2.3887,0.0451,0.0557,2.4568,0.2031,-0.0765,2.3887,0.0451,-0.0765,2.4568,0.2031,-0.0713,2.5675,0.1503,0.0557,2.5115,-0.0078,0.0608,2.5675,0.1503,-0.2223,2.3971,-0.0179,-0.2635,2.182,0.3147,-0.2635,2.1504,-0.0898
,-0.2221,2.4646,0.2371,0.261,2.182,0.3147,-0.2635,2.182,0.3147,0.261,2.182,0.3147,0.2197,2.397,-0.018,0.261,2.1504,-0.0898,0.2197,2.397,-0.018,-0.2635,2.1504,-0.0898,0.261,2.1504,-0.0898,0.2028,1.965,0.2515,-0.2053,1.965,-0.1028,-0.2053,1.965,0.2515,-0.2221,2.4646,0.2371,0.2197,2.397,-0.018,0.2197,2.4646,0.2371,0.261,2.1504,-0.0898,-0.2053,1.965,-0.1028
,0.2028,1.965,-0.1028,0.2028,1.965,0.2515,0.261,2.1504,-0.0898,0.2028,1.965,-0.1028,-0.2635,2.182,0.3147,0.2028,1.965,0.2515,-0.2053,1.965,0.2515,-0.2635,2.1504,-0.0898,-0.2053,1.965,0.2515,-0.2053,1.965,-0.1028,-0.1794,1.9802,-0.0798,-0.1794,1.7416,0.2192,-0.1794,1.7416,-0.0798,-0.1794,1.9802,0.2192,0.164,1.7416,0.2192,-0.1794,1.7416,0.2192,0.164,1.9802,0.2192
,0.164,1.7416,-0.0798,0.164,1.7416,0.2192,0.164,1.9802,-0.0798,-0.1794,1.7416,-0.0798,0.164,1.7416,-0.0798,0.164,1.7416,0.2192,-0.1794,1.7416,-0.0798,-0.1794,1.7416,0.2192,-0.1794,1.9802,0.2192,0.164,1.9802,-0.0798,0.164,1.9802,0.2192,-0.2785,1.626,-0.1401,-0.2285,1.7796,0.2337,-0.2785,1.5967,0.2958,0.0001,1.626,-0.1401,0.2229,1.7764,-0.1108,0.0001,1.7761,-0.1108
,0.2787,1.626,-0.1401,0.2229,1.7781,0.2337,0.2229,1.7764,-0.1108,0.0001,1.5967,0.2958,-0.2285,1.7796,0.2337,0.0001,1.7779,0.2337,0.0001,1.3968,0.2492,0.302,1.4842,-0.1211,0.0001,1.3968,-0.1211,0.0001,1.7779,0.2337,-0.2285,1.7778,-0.1108,0.0001,1.7761,-0.1108,-0.2875,1.4921,0.2488,0.0001,1.5967,0.2958,0.0001,1.3968,0.2492,0.302,1.4842,0.2492,0.2787,1.626,-0.1401
,0.302,1.4842,-0.1211,0.302,1.4842,-0.1211,0.0001,1.626,-0.1401,0.0001,1.3968,-0.1211,-0.2875,1.4921,0.2488,-0.2785,1.626,-0.1401,-0.2785,1.5967,0.2958,-0.2875,1.4914,-0.1212,0.0001,1.626,-0.1401,-0.2785,1.626,-0.1401,0.302,1.4842,0.2492,0.0001,1.5967,0.2958,0.2787,1.5967,0.2958,0.2229,1.7764,-0.1108,0.0001,1.7779,0.2337,0.0001,1.7761,-0.1108,-0.2875,1.4921,0.2488
,0.0001,1.3968,-0.1211,-0.2875,1.4914,-0.1212,0.0001,1.5967,0.2958,0.2229,1.7781,0.2337,0.2787,1.5967,0.2958,0.0001,1.626,-0.1401,-0.2285,1.7778,-0.1108,-0.2785,1.626,-0.1401,0.0001,1.397,0.2492,0.0001,1.3968,-0.1211,0.0001,1.3968,0.2492,0.3678,2.2805,0.1201,0.3962,2.3816,0.051,0.3013,2.3066,0.0166,0.3962,2.3816,0.051,0.3678,2.2805,0.1201,0.3962,2.3892,0.1765
,0.3678,2.2805,0.1201,0.3013,2.3066,0.0166,0.2427,2.2677,0.1208,0.3678,2.2805,0.1201,0.2427,2.2677,0.1208,0.3013,2.3188,0.2197,0.3678,2.2805,0.1201,0.3013,2.3188,0.2197,0.3962,2.3892,0.1765,0.3962,2.3816,0.051,0.3962,2.3892,0.1765,0.3472,2.4825,0.1079,0.3013,2.3066,0.0166,0.3962,2.3816,0.051,0.2886,2.4314,0.0091,0.2427,2.2677,0.1208,0.3013,2.3066,0.0166
,0.1938,2.361,0.0522,0.3013,2.3188,0.2197,0.2427,2.2677,0.1208,0.1938,2.3686,0.1777,0.3962,2.3892,0.1765,0.3013,2.3188,0.2197,0.2886,2.4437,0.2121,0.3962,2.3816,0.051,0.3472,2.4825,0.1079,0.2886,2.4314,0.0091,0.3013,2.3066,0.0166,0.2886,2.4314,0.0091,0.1938,2.361,0.0522,0.2427,2.2677,0.1208,0.1938,2.361,0.0522,0.1938,2.3686,0.1777,0.3013,2.3188,0.2197
,0.1938,2.3686,0.1777,0.2886,2.4437,0.2121,0.3962,2.3892,0.1765,0.2886,2.4437,0.2121,0.3472,2.4825,0.1079,0.2886,2.4314,0.0091,0.3472,2.4825,0.1079,0.2221,2.4698,0.1087,0.1938,2.361,0.0522,0.2886,2.4314,0.0091,0.2221,2.4698,0.1087,0.1938,2.3686,0.1777,0.1938,2.361,0.0522,0.2221,2.4698,0.1087,0.2886,2.4437,0.2121,0.1938,2.3686,0.1777,0.2221,2.4698,0.1087
,0.3472,2.4825,0.1079,0.2886,2.4437,0.2121,0.2221,2.4698,0.1087,0.2422,2.2704,0.0488,0.2658,1.9926,0.2116,0.2658,1.9839,0.066,0.2658,1.9926,0.2116,0.3702,2.2897,0.1938,0.3938,2.0031,0.211,0.3702,2.2897,0.1938,0.3938,1.9944,0.0654,0.3938,2.0031,0.211,0.3702,2.2809,0.0481,0.2658,1.9839,0.066,0.3938,1.9944,0.0654,0.2658,1.9926,0.2116,0.3938,1.9944,0.0654
,0.2658,1.9839,0.066,0.2422,2.2792,0.1944,0.3702,2.2809,0.0481,0.3702,2.2897,0.1938,0.3838,1.8737,0.1355,0.4023,1.9397,0.1001,0.3427,1.8968,0.074,0.4023,1.9397,0.1001,0.3838,1.8737,0.1355,0.4023,1.9368,0.1782,0.3838,1.8737,0.1355,0.3427,1.8968,0.074,0.3059,1.8667,0.1353,0.3838,1.8737,0.1355,0.3059,1.8667,0.1353,0.3427,1.8908,0.2,0.3838,1.8737,0.1355
,0.3427,1.8908,0.2,0.4023,1.9368,0.1782,0.4023,1.9397,0.1001,0.4023,1.9368,0.1782,0.3727,1.9974,0.1364,0.3427,1.8968,0.074,0.4023,1.9397,0.1001,0.3358,1.969,0.0751,0.3059,1.8667,0.1353,0.3427,1.8968,0.074,0.2762,1.9285,0.0997,0.3427,1.8908,0.2,0.3059,1.8667,0.1353,0.2762,1.9257,0.1778,0.4023,1.9368,0.1782,0.3427,1.8908,0.2,0.3358,1.9726,0.2006
