{"producer":{"name":"Blender","version":"2.80 (sub 75)","exporter_version":"6.2.3","file":"player.babylon"},
"autoClear":true,"clearColor":[0.0509,0.0509,0.0509],"gravity":[0,-9.81,0],
"materials":[],
"multiMaterials":[],
"skeletons":[{"name":"Armature","id":0,"dimensionsAtRest":[0.9534,1.0459,0.5872],"bones":[
{"name":"Lower_body","index":0,"matrix":[0,0,-2.7117,0,0.0207,2.7117,0,0,-2.7117,0.0207,0,0,-0.019,1.276,0.0642,1],"rest":[0,0,-2.7117,0,0.0207,2.7117,0,0,-2.7117,0.0207,0,0,0.0055,1.4964,0.0642,1],"parentBoneIndex":-1,"length":0.0981
,"animation":{"dataType":3,"framePerSecond":24,"keys":[
{"frame":1,"values":[0,0,-2.7117,0,0.0207,2.7117,0,0,-2.7117,0.0207,0,0,0.0055,1.4964,0.0642,1]},
{"frame":2,"values":[0,0,-2.7117,0,0.0207,2.7117,0,0,-2.7117,0.0207,0,0,0.0055,1.4964,0.0642,1]},
{"frame":10,"values":[0,0,-2.7117,0,0.0207,2.7117,0,0,-2.7117,0.0207,0,0,0.0055,1.4964,0.0642,1]},
{"frame":11,"values":[0,0,-2.7117,0,0.0207,2.7117,0,0,-2.7117,0.0207,0,0,0.0055,1.4964,0.0642,1]},
{"frame":21,"values":[0,0,-2.7117,0,0.0207,2.7117,0,0,-2.7117,0.0207,0,0,0.0055,1.4964,0.0642,1]},
{"frame":22,"values":[0,0,-2.7117,0,0.0207,2.7117,0,0,-2.7117,0.0207,0,0,0.0053,1.4952,0.0642,1]},
{"frame":23,"values":[0,0,-2.7117,0,0.0207,2.7117,0,0,-2.7117,0.0207,0,0,0.005,1.4917,0.0642,1]},
{"frame":24,"values":[0,0,-2.7117,0,0.0207,2.7117,0,0,-2.7117,0.0207,0,0,0.0043,1.4861,0.0642,1]},
{"frame":25,"values":[0,0,-2.7117,0,0.0207,2.7117,0,0,-2.7117,0.0207,0,0,0.0035,1.4787,0.0642,1]},
{"frame":26,"values":[0,0,-2.7117,0,0.0207,2.7117,0,0,-2.7117,0.0207,0,0,0.0025,1.4697,0.0642,1]},
{"frame":27,"values":[0,0,-2.7117,0,0.0207,2.7117,0,0,-2.7117,0.0207,0,0,0.0014,1.4592,0.0642,1]},
{"frame":28,"values":[0,0,-2.7117,0,0.0207,2.7117,0,0,-2.7117,0.0207,0,0,0.0001,1.4476,0.0642,1]},
{"frame":29,"values":[0,0,-2.7117,0,0.0207,2.7117,0,0,-2.7117,0.0207,0,0,-0.0013,1.435,0.0642,1]},
{"frame":30,"values":[0,0,-2.7117,0,0.0207,2.7117,0,0,-2.7117,0.0207,0,0,-0.0028,1.4216,0.0642,1]},
{"frame":31,"values":[0,0,-2.7117,0,0.0207,2.7117,0,0,-2.7117,0.0207,0,0,-0.0044,1.4077,0.0642,1]},
{"frame":32,"values":[0,0,-2.7117,0,0.0207,2.7117,0,0,-2.7117,0.0207,0,0,-0.006,1.3934,0.0642,1]},
{"frame":33,"values":[0,0,-2.7117,0,0.0207,2.7117,0,0,-2.7117,0.0207,0,0,-0.0076,1.379,0.0642,1]},
{"frame":34,"values":[0,0,-2.7117,0,0.0207,2.7117,0,0,-2.7117,0.0207,0,0,-0.0091,1.3648,0.0642,1]},
{"frame":35,"values":[0,0,-2.7117,0,0.0207,2.7117,0,0,-2.7117,0.0207,0,0,-0.0107,1.3509,0.0642,1]},
{"frame":36,"values":[0,0,-2.7117,0,0.0207,2.7117,0,0,-2.7117,0.0207,0,0,-0.0122,1.3375,0.0642,1]},
{"frame":37,"values":[0,0,-2.7117,0,0.0207,2.7117,0,0,-2.7117,0.0207,0,0,-0.0136,1.3248,0.0642,1]},
{"frame":38,"values":[0,0,-2.7117,0,0.0207,2.7117,0,0,-2.7117,0.0207,0,0,-0.0149,1.3132,0.0642,1]},
{"frame":39,"values":[0,0,-2.7117,0,0.0207,2.7117,0,0,-2.7117,0.0207,0,0,-0.016,1.3027,0.0642,1]},
{"frame":40,"values":[0,0,-2.7117,0,0.0207,2.7117,0,0,-2.7117,0.0207,0,0,-0.017,1.2937,0.0642,1]},
{"frame":41,"values":[0,0,-2.7117,0,0.0207,2.7117,0,0,-2.7117,0.0207,0,0,-0.0179,1.2863,0.0642,1]},
{"frame":42,"values":[0,0,-2.7117,0,0.0207,2.7117,0,0,-2.7117,0.0207,0,0,-0.0185,1.2807,0.0642,1]},
{"frame":43,"values":[0,0,-2.7117,0,0.0207,2.7117,0,0,-2.7117,0.0207,0,0,-0.0189,1.2772,0.0642,1]},
{"frame":44,"values":[0,0,-2.7117,0,0.0207,2.7117,0,0,-2.7117,0.0207,0,0,-0.019,1.276,0.0642,1]}],"loopBehavior":1,"name":"anim","property":"_matrix"}},
{"name":"Middle_body","index":1,"matrix":[0,0.0076,-1,0,0,1,0.0076,0,1,0,0,0,0,0.0981,0,1],"rest":[0,0.0076,-1,0,0,1,0.0076,0,1,0,0,0,0,0.0981,0,1],"parentBoneIndex":0,"length":0.0748
,"animation":{"dataType":3,"framePerSecond":24,"keys":[
{"frame":1,"values":[0,0.0076,-1,0,0,1,0.0076,0,1,0,0,0,0,0.0981,0,1]},
{"frame":2,"values":[0,0.0076,-1,0,0,1,0.0076,0,1,0,0,0,0,0.0981,0,1]},
{"frame":10,"values":[0,0.0076,-1,0,0,1,0.0076,0,1,0,0,0,0,0.0981,0,1]},
{"frame":11,"values":[0,0.0076,-1,0,0,1,0.0076,0,1,0,0,0,0,0.0981,0,1]},
{"frame":21,"values":[0,0.0076,-1,0,0,1,0.0076,0,1,0,0,0,0,0.0981,0,1]},
{"frame":44,"values":[0,0.0076,-1,0,0,1,0.0076,0,1,0,0,0,0,0.0981,0,1]}],"loopBehavior":1,"name":"anim","property":"_matrix"}},
{"name":"Upper_body","index":2,"matrix":[0,0,1,0,0.004,1,0,0,-1,0.004,0,0,0,0.0748,0,1],"rest":[0,0,1,0,0.004,1,0,0,-1,0.004,0,0,0,0.0748,0,1],"parentBoneIndex":1,"length":0.1546
,"animation":{"dataType":3,"framePerSecond":24,"keys":[
{"frame":1,"values":[0,0,1,0,0.004,1,0,0,-1,0.004,0,0,0,0.0748,0,1]},
{"frame":2,"values":[0,0,1,0,0.004,1,0,0,-1,0.004,0,0,0,0.0748,0,1]},
{"frame":10,"values":[0,0,1,0,0.004,1,0,0,-1,0.004,0,0,0,0.0748,0,1]},
{"frame":11,"values":[0,0,1,0,0.004,1,0,0,-1,0.004,0,0,0,0.0748,0,1]},
{"frame":21,"values":[0,0,1,0,0.004,1,0,0,-1,0.004,0,0,0,0.0748,0,1]},
{"frame":44,"values":[0,0,1,0,0.004,1,0,0,-1,0.004,0,0,0,0.0748,0,1]}],"loopBehavior":1,"name":"anim","property":"_matrix"}},
{"name":"Upper_arm.L","index":3,"matrix":[1,0,0,0,0,-0.9582,-0.286,0,0,0.286,-0.9582,0,-0.0256,0.1627,-0.1107,1],"rest":[1,0,0,0,0,-0.2138,-0.9769,0,0,0.9769,-0.2138,0,-0.0256,0.1627,-0.1107,1],"parentBoneIndex":2,"length":0.1695
,"animation":{"dataType":3,"framePerSecond":24,"keys":[
{"frame":1,"values":[1,0,0,0,0,-0.2138,-0.9769,0,0,0.9769,-0.2138,0,-0.0256,0.1627,-0.1107,1]},
{"frame":2,"values":[1,0,0,0,0,-0.2138,-0.9769,0,0,0.9769,-0.2138,0,-0.0256,0.1627,-0.1107,1]},
{"frame":10,"values":[1,0,0,0,0,-0.2138,-0.9769,0,0,0.9769,-0.2138,0,-0.0256,0.1627,-0.1107,1]},
{"frame":11,"values":[1,0,0,0,0,-0.2138,-0.9769,0,0,0.9769,-0.2138,0,-0.0256,0.1627,-0.1107,1]},
{"frame":21,"values":[1,0,0,0,0,-0.2138,-0.9769,0,0,0.9769,-0.2138,0,-0.0256,0.1627,-0.1107,1]},
{"frame":22,"values":[1,0,0,0,0,-0.2193,-0.9757,0,0,0.9757,-0.2193,0,-0.0256,0.1627,-0.1107,1]},
{"frame":23,"values":[1,0,0,0,0,-0.235,-0.972,0,0,0.972,-0.235,0,-0.0256,0.1627,-0.1107,1]},
{"frame":24,"values":[1,0,0,0,0,-0.2601,-0.9656,0,0,0.9656,-0.2601,0,-0.0256,0.1627,-0.1107,1]},
{"frame":25,"values":[1,0,0,0,0,-0.2934,-0.956,0,0,0.956,-0.2934,0,-0.0256,0.1627,-0.1107,1]},
{"frame":26,"values":[1,0,0,0,0,-0.334,-0.9426,0,0,0.9426,-0.334,0,-0.0256,0.1627,-0.1107,1]},
{"frame":27,"values":[1,0,0,0,0,-0.3805,-0.9248,0,0,0.9248,-0.3805,0,-0.0256,0.1627,-0.1107,1]},
{"frame":28,"values":[1,0,0,0,0,-0.4318,-0.902,0,0,0.902,-0.4318,0,-0.0256,0.1627,-0.1107,1]},
{"frame":29,"values":[1,0,0,0,0,-0.4863,-0.8738,0,0,0.8738,-0.4863,0,-0.0256,0.1627,-0.1107,1]},
{"frame":30,"values":[1,0,0,0,0,-0.5425,-0.84,0,0,0.84,-0.5425,0,-0.0256,0.1627,-0.1107,1]},
{"frame":31,"values":[1,0,0,0,0,-0.5988,-0.8009,0,0,0.8009,-0.5988,0,-0.0256,0.1627,-0.1107,1]},
{"frame":32,"values":[1,0,0,0,0,-0.6538,-0.7567,0,0,0.7567,-0.6538,0,-0.0256,0.1627,-0.1107,1]},
{"frame":33,"values":[1,0,0,0,0,-0.7059,-0.7083,0,0,0.7083,-0.7059,0,-0.0256,0.1627,-0.1107,1]},
{"frame":34,"values":[1,0,0,0,0,-0.754,-0.6569,0,0,0.6569,-0.754,0,-0.0256,0.1627,-0.1107,1]},
{"frame":35,"values":[1,0,0,0,0,-0.7973,-0.6036,0,0,0.6036,-0.7973,0,-0.0256,0.1627,-0.1107,1]},
{"frame":36,"values":[1,0,0,0,0,-0.8351,-0.5501,0,0,0.5501,-0.8351,0,-0.0256,0.1627,-0.1107,1]},
{"frame":37,"values":[1,0,0,0,0,-0.8673,-0.4978,0,0,0.4978,-0.8673,0,-0.0256,0.1627,-0.1107,1]},
{"frame":38,"values":[1,0,0,0,0,-0.8938,-0.4484,0,0,0.4484,-0.8938,0,-0.0256,0.1627,-0.1107,1]},
{"frame":39,"values":[1,0,0,0,0,-0.9151,-0.4033,0,0,0.4033,-0.9151,0,-0.0256,0.1627,-0.1107,1]},
{"frame":40,"values":[1,0,0,0,0,-0.9315,-0.3638,0,0,0.3638,-0.9315,0,-0.0256,0.1627,-0.1107,1]},
{"frame":41,"values":[1,0,0,0,0,-0.9435,-0.3313,0,0,0.3313,-0.9435,0,-0.0256,0.1627,-0.1107,1]},
{"frame":42,"values":[1,0,0,0,0,-0.9518,-0.3068,0,0,0.3068,-0.9518,0,-0.0256,0.1627,-0.1107,1]},
{"frame":43,"values":[1,0,0,0,0,-0.9566,-0.2914,0,0,0.2914,-0.9566,0,-0.0256,0.1627,-0.1107,1]},
{"frame":44,"values":[1,0,0,0,0,-0.9582,-0.286,0,0,0.286,-0.9582,0,-0.0256,0.1627,-0.1107,1]}],"loopBehavior":1,"name":"anim","property":"_matrix"}},
{"name":"Lower_arm.L","index":4,"matrix":[0.9998,-0.0186,-0.0041,0,0.0186,0.9997,0.0132,0,0.0039,-0.0133,0.9999,0,0,0.1695,0,1],"rest":[0.9998,-0.0186,-0.0041,0,0.0186,0.9997,0.0132,0,0.0039,-0.0133,0.9999,0,0,0.1695,0,1],"parentBoneIndex":3,"length":0.1517
,"animation":{"dataType":3,"framePerSecond":24,"keys":[
{"frame":1,"values":[0.9998,-0.0186,-0.0041,0,0.0186,0.9997,0.0132,0,0.0039,-0.0133,0.9999,0,0,0.1695,0,1]},
{"frame":2,"values":[0.9998,-0.0186,-0.0041,0,0.0186,0.9997,0.0132,0,0.0039,-0.0133,0.9999,0,0,0.1695,0,1]},
{"frame":10,"values":[0.9998,-0.0186,-0.0041,0,0.0186,0.9997,0.0132,0,0.0039,-0.0133,0.9999,0,0,0.1695,0,1]},
{"frame":11,"values":[0.9998,-0.0186,-0.0041,0,0.0186,0.9997,0.0132,0,0.0039,-0.0133,0.9999,0,0,0.1695,0,1]},
{"frame":21,"values":[0.9998,-0.0186,-0.0041,0,0.0186,0.9997,0.0132,0,0.0039,-0.0133,0.9999,0,0,0.1695,0,1]},
{"frame":44,"values":[0.9998,-0.0186,-0.0041,0,0.0186,0.9997,0.0132,0,0.0039,-0.0133,0.9999,0,0,0.1695,0,1]}],"loopBehavior":1,"name":"anim","property":"_matrix"}},
{"name":"Hand.L","index":5,"matrix":[0.9998,0.0186,0.0039,0,-0.0188,0.999,0.0411,0,-0.0031,-0.0411,0.9991,0,0,0.1517,0,1],"rest":[0.9998,0.0186,0.0039,0,-0.0188,0.999,0.0411,0,-0.0031,-0.0411,0.9991,0,0,0.1517,0,1],"parentBoneIndex":4,"length":0.0511
,"animation":{"dataType":3,"framePerSecond":24,"keys":[
{"frame":1,"values":[0.9998,0.0186,0.0039,0,-0.0188,0.999,0.0411,0,-0.0031,-0.0411,0.9991,0,0,0.1517,0,1]},
{"frame":2,"values":[0.9998,0.0186,0.0039,0,-0.0188,0.999,0.0411,0,-0.0031,-0.0411,0.9991,0,0,0.1517,0,1]},
{"frame":10,"values":[0.9998,0.0186,0.0039,0,-0.0188,0.999,0.0411,0,-0.0031,-0.0411,0.9991,0,0,0.1517,0,1]},
{"frame":11,"values":[0.9998,0.0186,0.0039,0,-0.0188,0.999,0.0411,0,-0.0031,-0.0411,0.9991,0,0,0.1517,0,1]},
{"frame":21,"values":[0.9998,0.0186,0.0039,0,-0.0188,0.999,0.0411,0,-0.0031,-0.0411,0.9991,0,0,0.1517,0,1]},
{"frame":44,"values":[0.9998,0.0186,0.0039,0,-0.0188,0.999,0.0411,0,-0.0031,-0.0411,0.9991,0,0,0.1517,0,1]}],"loopBehavior":1,"name":"anim","property":"_matrix"}},
{"name":"Neck","index":6,"matrix":[-1,0,0,0,0,0.9996,0.0284,0,0,0.0284,-0.9996,0,0,0.1546,0,1],"rest":[-1,0,0,0,0,0.9996,0.0284,0,0,0.0284,-0.9996,0,0,0.1546,0,1],"parentBoneIndex":2,"length":0.0376
,"animation":{"dataType":3,"framePerSecond":24,"keys":[
{"frame":1,"values":[-1,0,0,0,0,0.9996,0.0284,0,0,0.0284,-0.9996,0,0,0.1546,0,1]},
{"frame":2,"values":[-1,0,0,0,0,0.9996,0.0284,0,0,0.0284,-0.9996,0,0,0.1546,0,1]},
{"frame":10,"values":[-1,0,0,0,0,0.9996,0.0284,0,0,0.0284,-0.9996,0,0,0.1546,0,1]},
{"frame":11,"values":[-1,0,0,0,0,0.9996,0.0284,0,0,0.0284,-0.9996,0,0,0.1546,0,1]},
{"frame":21,"values":[-1,0,0,0,0,0.9996,0.0284,0,0,0.0284,-0.9996,0,0,0.1546,0,1]},
{"frame":44,"values":[-1,0,0,0,0,0.9996,0.0284,0,0,0.0284,-0.9996,0,0,0.1546,0,1]}],"loopBehavior":1,"name":"anim","property":"_matrix"}},
{"name":"Head","index":7,"matrix":[0,-0.0244,0.9997,0,0,0.9997,0.0244,0,-1,0,0,0,0,0.0376,0,1],"rest":[0,-0.0244,0.9997,0,0,0.9997,0.0244,0,-1,0,0,0,0,0.0376,0,1],"parentBoneIndex":6,"length":0.1356
,"animation":{"dataType":3,"framePerSecond":24,"keys":[
{"frame":1,"values":[0,-0.0244,0.9997,0,0,0.9997,0.0244,0,-1,0,0,0,0,0.0376,0,1]},
{"frame":2,"values":[0,-0.0244,0.9997,0,0,0.9997,0.0244,0,-1,0,0,0,0,0.0376,0,1]},
{"frame":10,"values":[0,-0.0244,0.9997,0,0,0.9997,0.0244,0,-1,0,0,0,0,0.0376,0,1]},
{"frame":11,"values":[0,-0.0244,0.9997,0,0,0.9997,0.0244,0,-1,0,0,0,0,0.0376,0,1]},
{"frame":21,"values":[0,-0.0244,0.9997,0,0,0.9997,0.0244,0,-1,0,0,0,0,0.0376,0,1]},
{"frame":44,"values":[0,-0.0244,0.9997,0,0,0.9997,0.0244,0,-1,0,0,0,0,0.0376,0,1]}],"loopBehavior":1,"name":"anim","property":"_matrix"}},
{"name":"Upper_leg.L","index":8,"matrix":[0.7368,0.6759,0.015,0,0.6761,-0.7365,-0.0222,0,-0.0038,0.0266,-0.9996,0,0,-0.0288,-0.0608,1],"rest":[0.9992,0.0404,0.001,0,0.0405,-0.9989,-0.0252,0,0,0.0252,-0.9997,0,0,-0.0288,-0.0608,1],"parentBoneIndex":0,"length":0.2265
,"animation":{"dataType":3,"framePerSecond":24,"keys":[
{"frame":1,"values":[0.9271,0.3745,0.0113,0,0.3747,-0.9268,-0.0248,0,0.0014,0.0272,-0.9996,0,0,-0.0288,-0.0608,1]},
{"frame":2,"values":[0.9271,0.3745,0.0113,0,0.3747,-0.9268,-0.0248,0,0.0014,0.0272,-0.9996,0,0,-0.0288,-0.0608,1]},
{"frame":10,"values":[0.9271,0.3745,0.0113,0,0.3747,-0.9268,-0.0248,0,0.0014,0.0272,-0.9996,0,0,-0.0288,-0.0608,1]},
{"frame":11,"values":[0.9271,0.3745,0.0113,0,0.3747,-0.9268,-0.0248,0,0.0014,0.0272,-0.9996,0,0,-0.0288,-0.0608,1]},
{"frame":21,"values":[0.9991,0.0404,0.0024,0,0.0404,-0.9989,-0.0251,0,0.0015,0.0252,-0.9996,0,0,-0.0288,-0.0608,1]},
{"frame":22,"values":[0.9981,0.0609,0.0028,0,0.061,-0.9979,-0.0238,0,0.0015,0.0239,-0.9997,0,0,-0.0288,-0.0608,1]},
{"frame":23,"values":[0.9949,0.0997,0.0035,0,0.0997,-0.9948,-0.0215,0,0.0016,0.0218,-0.9997,0,0,-0.0288,-0.0608,1]},
{"frame":24,"values":[0.9896,0.1432,0.0043,0,0.1433,-0.9895,-0.0193,0,0.0016,0.0198,-0.9998,0,0,-0.0288,-0.0608,1]},
{"frame":25,"values":[0.9819,0.1889,0.005,0,0.1889,-0.9818,-0.0174,0,0.0018,0.018,-0.9998,0,0,-0.0288,-0.0608,1]},
{"frame":26,"values":[0.9718,0.2352,0.0056,0,0.2353,-0.9718,-0.0158,0,0.0019,0.0167,-0.9998,0,0,-0.0288,-0.0608,1]},
{"frame":27,"values":[0.9595,0.2815,0.0063,0,0.2816,-0.9594,-0.0145,0,0.0021,0.0157,-0.9998,0,0,-0.0288,-0.0608,1]},
{"frame":28,"values":[0.945,0.3269,0.007,0,0.327,-0.9449,-0.0135,0,0.0023,0.0151,-0.9999,0,0,-0.0288,-0.0608,1]},
{"frame":29,"values":[0.9286,0.3707,0.0077,0,0.3708,-0.9286,-0.0128,0,0.0025,0.0148,-0.9999,0,0,-0.0288,-0.0608,1]},
{"frame":30,"values":[0.9108,0.4126,0.0084,0,0.4127,-0.9108,-0.0124,0,0.0027,0.0148,-0.9999,0,0,-0.0288,-0.0608,1]},
{"frame":31,"values":[0.8919,0.4519,0.0091,0,0.452,-0.8919,-0.0124,0,0.0027,0.0152,-0.9998,0,0,-0.0288,-0.0608,1]},
{"frame":32,"values":[0.8725,0.4884,0.0099,0,0.4885,-0.8725,-0.0125,0,0.0027,0.0158,-0.9998,0,0,-0.0288,-0.0608,1]},
{"frame":33,"values":[0.853,0.5217,0.0107,0,0.5218,-0.853,-0.0129,0,0.0026,0.0166,-0.9998,0,0,-0.0288,-0.0608,1]},
{"frame":34,"values":[0.8339,0.5516,0.0114,0,0.5517,-0.8339,-0.0135,0,0.0023,0.0176,-0.9998,0,0,-0.0288,-0.0608,1]},
{"frame":35,"values":[0.8159,0.578,0.0122,0,0.5781,-0.8158,-0.0143,0,0.0018,0.0188,-0.9998,0,0,-0.0288,-0.0608,1]},
{"frame":36,"values":[0.7992,0.6009,0.0128,0,0.601,-0.7991,-0.0153,0,0.0012,0.02,-0.9998,0,0,-0.0288,-0.0608,1]},
{"frame":37,"values":[0.7842,0.6203,0.0134,0,0.6204,-0.7841,-0.0164,0,0.0005,0.0212,-0.9997,0,0,-0.0288,-0.0608,1]},
{"frame":38,"values":[0.7712,0.6364,0.0139,0,0.6365,-0.771,-0.0175,0,-0.0003,0.0224,-0.9997,0,0,-0.0288,-0.0608,1]},
{"frame":39,"values":[0.7603,0.6493,0.0143,0,0.6495,-0.7601,-0.0186,0,-0.0011,0.0235,-0.9997,0,0,-0.0288,-0.0608,1]},
{"frame":40,"values":[0.7516,0.6594,0.0146,0,0.6596,-0.7514,-0.0197,0,-0.0019,0.0245,-0.9997,0,0,-0.0288,-0.0608,1]},
{"frame":41,"values":[0.7449,0.6668,0.0148,0,0.667,-0.7447,-0.0207,0,-0.0026,0.0253,-0.9996,0,0,-0.0288,-0.0608,1]},
{"frame":42,"values":[0.7403,0.6719,0.0149,0,0.6721,-0.7401,-0.0215,0,-0.0032,0.026,-0.9996,0,0,-0.0288,-0.0608,1]},
{"frame":43,"values":[0.7376,0.6749,0.015,0,0.6751,-0.7374,-0.022,0,-0.0036,0.0264,-0.9996,0,0,-0.0288,-0.0608,1]},
{"frame":44,"values":[0.7368,0.6759,0.015,0,0.6761,-0.7365,-0.0222,0,-0.0038,0.0266,-0.9996,0,0,-0.0288,-0.0608,1]}],"loopBehavior":1,"name":"anim","property":"_matrix"}},
{"name":"Lower_leg.L","index":9,"matrix":[0.841,0.5408,0.0123,0,-0.5409,0.8401,0.042,0,0.0124,-0.042,0.999,0,0,0.2265,0,1],"rest":[0.998,0.0629,0.0001,0,-0.0629,0.998,0.0049,0,0.0002,-0.0049,1,0,0,0.2265,0,1],"parentBoneIndex":8,"length":0.2383
,"animation":{"dataType":3,"framePerSecond":24,"keys":[
{"frame":1,"values":[1,0.0054,0,0,-0.0054,1,0.0004,0,0,-0.0004,1,0,0,0.2265,0,1]},
{"frame":2,"values":[1,0.0054,0,0,-0.0054,1,0.0004,0,0,-0.0004,1,0,0,0.2265,0,1]},
{"frame":10,"values":[1,0.0054,0,0,-0.0054,1,0.0004,0,0,-0.0004,1,0,0,0.2265,0,1]},
{"frame":11,"values":[1,0.0054,0,0,-0.0054,1,0.0004,0,0,-0.0004,1,0,0,0.2265,0,1]},
{"frame":21,"values":[0.998,0.0628,0.0001,0,-0.0628,0.998,0.0049,0,0.0002,-0.0049,1,0,0,0.2265,0,1]},
{"frame":22,"values":[0.9951,0.0985,0.0003,0,-0.0985,0.9951,0.0076,0,0.0004,-0.0076,1,0,0,0.2265,0,1]},
{"frame":23,"values":[0.987,0.161,0.001,0,-0.161,0.9869,0.0125,0,0.0011,-0.0125,0.9999,0,0,0.2265,0,1]},
{"frame":24,"values":[0.9743,0.225,0.002,0,-0.225,0.9742,0.0175,0,0.002,-0.0175,0.9998,0,0,0.2265,0,1]},
{"frame":25,"values":[0.9583,0.2859,0.0032,0,-0.2859,0.958,0.0222,0,0.0033,-0.0222,0.9997,0,0,0.2265,0,1]},
{"frame":26,"values":[0.9398,0.3417,0.0046,0,-0.3418,0.9394,0.0265,0,0.0047,-0.0265,0.9996,0,0,0.2265,0,1]},
{"frame":27,"values":[0.9199,0.3922,0.0062,0,-0.3922,0.9194,0.0304,0,0.0063,-0.0304,0.9995,0,0,0.2265,0,1]},
{"frame":28,"values":[0.8997,0.4365,0.0077,0,-0.4365,0.8991,0.0339,0,0.0078,-0.0339,0.9994,0,0,0.2265,0,1]},
{"frame":29,"values":[0.8802,0.4745,0.0093,0,-0.4746,0.8795,0.0368,0,0.0093,-0.0368,0.9993,0,0,0.2265,0,1]},
{"frame":30,"values":[0.8621,0.5067,0.0107,0,-0.5068,0.8612,0.0393,0,0.0107,-0.0393,0.9992,0,0,0.2265,0,1]},
{"frame":31,"values":[0.8462,0.5327,0.0119,0,-0.5328,0.8452,0.0414,0,0.012,-0.0413,0.9991,0,0,0.2265,0,1]},
{"frame":32,"values":[0.8329,0.5533,0.0129,0,-0.5534,0.8318,0.043,0,0.013,-0.0429,0.999,0,0,0.2265,0,1]},
{"frame":33,"values":[0.8226,0.5684,0.0137,0,-0.5685,0.8215,0.0441,0,0.0138,-0.0441,0.9989,0,0,0.2265,0,1]},
{"frame":34,"values":[0.8156,0.5785,0.0143,0,-0.5785,0.8144,0.0449,0,0.0144,-0.0449,0.9989,0,0,0.2265,0,1]},
{"frame":35,"values":[0.8116,0.584,0.0146,0,-0.584,0.8105,0.0453,0,0.0147,-0.0453,0.9989,0,0,0.2265,0,1]},
{"frame":36,"values":[0.8106,0.5853,0.0147,0,-0.5854,0.8095,0.0454,0,0.0147,-0.0454,0.9989,0,0,0.2265,0,1]},
{"frame":37,"values":[0.8122,0.5832,0.0145,0,-0.5833,0.811,0.0453,0,0.0146,-0.0453,0.9989,0,0,0.2265,0,1]},
{"frame":38,"values":[0.8158,0.5782,0.0143,0,-0.5783,0.8146,0.0449,0,0.0143,-0.0449,0.9989,0,0,0.2265,0,1]},
{"frame":39,"values":[0.8207,0.5711,0.0139,0,-0.5712,0.8196,0.0443,0,0.014,-0.0443,0.9989,0,0,0.2265,0,1]},
{"frame":40,"values":[0.8263,0.563,0.0134,0,-0.5631,0.8253,0.0437,0,0.0135,-0.0437,0.999,0,0,0.2265,0,1]},
{"frame":41,"values":[0.8319,0.5548,0.013,0,-0.5549,0.8309,0.0431,0,0.0131,-0.043,0.999,0,0,0.2265,0,1]},
{"frame":42,"values":[0.8366,0.5477,0.0126,0,-0.5477,0.8356,0.0425,0,0.0127,-0.0425,0.999,0,0,0.2265,0,1]},
{"frame":43,"values":[0.8398,0.5428,0.0124,0,-0.5428,0.8388,0.0421,0,0.0125,-0.0421,0.999,0,0,0.2265,0,1]},
{"frame":44,"values":[0.841,0.5408,0.0123,0,-0.5409,0.8401,0.042,0,0.0124,-0.042,0.999,0,0,0.2265,0,1]}],"loopBehavior":1,"name":"anim","property":"_matrix"}},
{"name":"Foot.L","index":10,"matrix":[-0.0005,-0.0224,-0.9997,0,0.6602,0.7509,-0.0172,0,0.7511,-0.6601,0.0144,0,0,0.2383,0,1],"rest":[-0.0005,-0.0224,-0.9997,0,0.6602,0.7509,-0.0172,0,0.7511,-0.66,0.0144,0,0,0.2383,0,1],"parentBoneIndex":9,"length":0.0499
,"animation":{"dataType":3,"framePerSecond":24,"keys":[
{"frame":1,"values":[-0.0005,-0.0224,-0.9997,0,0.6602,0.7509,-0.0172,0,0.7511,-0.6601,0.0144,0,0,0.2383,0,1]},
{"frame":2,"values":[-0.0005,-0.0224,-0.9997,0,0.6602,0.7509,-0.0172,0,0.7511,-0.6601,0.0144,0,0,0.2383,0,1]},
{"frame":10,"values":[-0.0005,-0.0224,-0.9997,0,0.6602,0.7509,-0.0172,0,0.7511,-0.6601,0.0144,0,0,0.2383,0,1]},
{"frame":11,"values":[-0.0005,-0.0224,-0.9997,0,0.6602,0.7509,-0.0172,0,0.7511,-0.6601,0.0144,0,0,0.2383,0,1]},
{"frame":21,"values":[-0.0005,-0.0224,-0.9997,0,0.6602,0.7509,-0.0172,0,0.7511,-0.6601,0.0144,0,0,0.2383,0,1]},
{"frame":44,"values":[-0.0005,-0.0224,-0.9997,0,0.6602,0.7509,-0.0172,0,0.7511,-0.6601,0.0144,0,0,0.2383,0,1]}],"loopBehavior":1,"name":"anim","property":"_matrix"}},
{"name":"Toes.L","index":11,"matrix":[1,0,0,0,0,0.7506,0.6607,0,0,-0.6607,0.7506,0,0,0.0499,0,1],"rest":[1,0,0,0,0,0.7506,0.6607,0,0,-0.6607,0.7506,0,0,0.0499,0,1],"parentBoneIndex":10,"length":0.051
,"animation":{"dataType":3,"framePerSecond":24,"keys":[
{"frame":1,"values":[1,0,0,0,0,0.7506,0.6607,0,0,-0.6607,0.7506,0,0,0.0499,0,1]},
{"frame":2,"values":[1,0,0,0,0,0.7506,0.6607,0,0,-0.6607,0.7506,0,0,0.0499,0,1]},
{"frame":10,"values":[1,0,0,0,0,0.7506,0.6607,0,0,-0.6607,0.7506,0,0,0.0499,0,1]},
{"frame":11,"values":[1,0,0,0,0,0.7506,0.6607,0,0,-0.6607,0.7506,0,0,0.0499,0,1]},
{"frame":21,"values":[1,0,0,0,0,0.7506,0.6607,0,0,-0.6607,0.7506,0,0,0.0499,0,1]},
{"frame":44,"values":[1,0,0,0,0,0.7506,0.6607,0,0,-0.6607,0.7506,0,0,0.0499,0,1]}],"loopBehavior":1,"name":"anim","property":"_matrix"}},
{"name":"Leg_ik.L","index":12,"matrix":[2.7117,0,0,0,0,0,2.7117,0,0,2.7117,0,0,0.1951,0.1085,-0.4604,1],"rest":[2.7117,0,0,0,0,0,2.7117,0,0,2.7117,0,0,0.1951,0.1575,0.0539,1],"parentBoneIndex":-1,"length":0.0687
,"animation":{"dataType":3,"framePerSecond":24,"keys":[
{"frame":1,"values":[2.7117,0,0,0,0,0,2.7117,0,0,2.7117,0,0,0.1951,0.1085,-0.4604,1]},
{"frame":2,"values":[2.7117,0,0,0,0,0,2.7117,0,0,2.7117,0,0,0.1951,0.1085,-0.4604,1]},
{"frame":10,"values":[2.7117,0,0,0,0,0,2.7117,0,0,2.7117,0,0,0.1951,0.1085,-0.4604,1]},
{"frame":11,"values":[2.7117,0,0,0,0,0,2.7117,0,0,2.7117,0,0,0.1951,0.1085,-0.4604,1]},
{"frame":21,"values":[2.7117,0,0,0,0,0,2.7117,0,0,2.7117,0,0,0.1951,0.1575,0.0539,1]},
{"frame":22,"values":[2.7117,0,0,0,0,0,2.7117,0,0,2.7117,0,0,0.1951,0.1572,0.051,1]},
{"frame":23,"values":[2.7117,0,0,0,0,0,2.7117,0,0,2.7117,0,0,0.1951,0.1564,0.0429,1]},
{"frame":24,"values":[2.7117,0,0,0,0,0,2.7117,0,0,2.7117,0,0,0.1951,0.1552,0.0299,1]},
{"frame":25,"values":[2.7117,0,0,0,0,0,2.7117,0,0,2.7117,0,0,0.1951,0.1536,0.0126,1]},
{"frame":26,"values":[2.7117,0,0,0,0,0,2.7117,0,0,2.7117,0,0,0.1951,0.1516,-0.0085,1]},
{"frame":27,"values":[2.7117,0,0,0,0,0,2.7117,0,0,2.7117,0,0,0.1951,0.1492,-0.0329,1]},
{"frame":28,"values":[2.7117,0,0,0,0,0,2.7117,0,0,2.7117,0,0,0.1951,0.1466,-0.0601,1]},
{"frame":29,"values":[2.7117,0,0,0,0,0,2.7117,0,0,2.7117,0,0,0.1951,0.1438,-0.0895,1]},
{"frame":30,"values":[2.7117,0,0,0,0,0,2.7117,0,0,2.7117,0,0,0.1951,0.1409,-0.1207,1]},
{"frame":31,"values":[2.7117,0,0,0,0,0,2.7117,0,0,2.7117,0,0,0.1951,0.1378,-0.1532,1]},
{"frame":32,"values":[2.7117,0,0,0,0,0,2.7117,0,0,2.7117,0,0,0.1951,0.1346,-0.1865,1]},
{"frame":33,"values":[2.7117,0,0,0,0,0,2.7117,0,0,2.7117,0,0,0.1951,0.1314,-0.22,1]},
{"frame":34,"values":[2.7117,0,0,0,0,0,2.7117,0,0,2.7117,0,0,0.1951,0.1282,-0.2533,1]},
{"frame":35,"values":[2.7117,0,0,0,0,0,2.7117,0,0,2.7117,0,0,0.1951,0.1251,-0.2858,1]},
{"frame":36,"values":[2.7117,0,0,0,0,0,2.7117,0,0,2.7117,0,0,0.1951,0.1222,-0.317,1]},
{"frame":37,"values":[2.7117,0,0,0,0,0,2.7117,0,0,2.7117,0,0,0.1951,0.1194,-0.3465,1]},
{"frame":38,"values":[2.7117,0,0,0,0,0,2.7117,0,0,2.7117,0,0,0.1951,0.1168,-0.3737,1]},
{"frame":39,"values":[2.7117,0,0,0,0,0,2.7117,0,0,2.7117,0,0,0.1951,0.1145,-0.398,1]},
{"frame":40,"values":[2.7117,0,0,0,0,0,2.7117,0,0,2.7117,0,0,0.1951,0.1124,-0.4191,1]},
{"frame":41,"values":[2.7117,0,0,0,0,0,2.7117,0,0,2.7117,0,0,0.1951,0.1108,-0.4364,1]},
{"frame":42,"values":[2.7117,0,0,0,0,0,2.7117,0,0,2.7117,0,0,0.1951,0.1096,-0.4494,1]},
{"frame":43,"values":[2.7117,0,0,0,0,0,2.7117,0,0,2.7117,0,0,0.1951,0.1088,-0.4575,1]},
{"frame":44,"values":[2.7117,0,0,0,0,0,2.7117,0,0,2.7117,0,0,0.1951,0.1085,-0.4604,1]}],"loopBehavior":1,"name":"anim","property":"_matrix"}},
{"name":"Pole_target.L","index":13,"matrix":[-2.7117,0,0,0,0,0,-2.7117,0,0,2.7117,0,0,0.1807,0.8035,-1.1595,1],"rest":[-2.7117,0,0,0,0,0,-2.7117,0,0,2.7117,0,0,0.1807,0.8035,-1.1595,1],"parentBoneIndex":-1,"length":0.071
,"animation":{"dataType":3,"framePerSecond":24,"keys":[
{"frame":1,"values":[-2.7117,0,0,0,0,0,-2.7117,0,0,2.7117,0,0,0.1807,0.8035,-1.1595,1]},
{"frame":2,"values":[-2.7117,0,0,0,0,0,-2.7117,0,0,2.7117,0,0,0.1807,0.8035,-1.1595,1]},
{"frame":10,"values":[-2.7117,0,0,0,0,0,-2.7117,0,0,2.7117,0,0,0.1807,0.8035,-1.1595,1]},
{"frame":11,"values":[-2.7117,0,0,0,0,0,-2.7117,0,0,2.7117,0,0,0.1807,0.8035,-1.1595,1]},
{"frame":21,"values":[-2.7117,0,0,0,0,0,-2.7117,0,0,2.7117,0,0,0.1807,0.8035,-1.1595,1]},
{"frame":44,"values":[-2.7117,0,0,0,0,0,-2.7117,0,0,2.7117,0,0,0.1807,0.8035,-1.1595,1]}],"loopBehavior":1,"name":"anim","property":"_matrix"}},
{"name":"Upper_arm.L.001","index":14,"matrix":[1,0,0,0,0,-0.9719,0.2352,0,0,-0.2352,-0.9719,0,-0.0256,0.1561,0.1078,1],"rest":[1,0,0,0,0,-0.1745,0.9847,0,0,-0.9847,-0.1745,0,-0.0256,0.1561,0.1078,1],"parentBoneIndex":2,"length":0.1679
,"animation":{"dataType":3,"framePerSecond":24,"keys":[
{"frame":1,"values":[1,0,0,0,0,-0.9719,0.2352,0,0,-0.2352,-0.9719,0,-0.0256,0.1561,0.1078,1]},
{"frame":2,"values":[1,0,0,0,0,-0.9719,0.2352,0,0,-0.2352,-0.9719,0,-0.0256,0.1561,0.1078,1]},
{"frame":10,"values":[1,0,0,0,0,-0.9719,0.2352,0,0,-0.2352,-0.9719,0,-0.0256,0.1561,0.1078,1]},
{"frame":11,"values":[1,0,0,0,0,-0.9719,0.2352,0,0,-0.2352,-0.9719,0,-0.0256,0.1561,0.1078,1]},
{"frame":21,"values":[1,0,0,0,0,-0.1745,0.9847,0,0,-0.9847,-0.1745,0,-0.0256,0.1561,0.1078,1]},
{"frame":22,"values":[1,0,0,0,0,-0.1804,0.9836,0,0,-0.9836,-0.1804,0,-0.0256,0.1561,0.1078,1]},
{"frame":23,"values":[1,0,0,0,0,-0.1976,0.9803,0,0,-0.9803,-0.1976,0,-0.0256,0.1561,0.1078,1]},
{"frame":24,"values":[1,0,0,0,0,-0.2248,0.9744,0,0,-0.9744,-0.2248,0,-0.0256,0.1561,0.1078,1]},
{"frame":25,"values":[1,0,0,0,0,-0.2612,0.9653,0,0,-0.9653,-0.2612,0,-0.0256,0.1561,0.1078,1]},
{"frame":26,"values":[1,0,0,0,0,-0.3056,0.9522,0,0,-0.9522,-0.3056,0,-0.0256,0.1561,0.1078,1]},
{"frame":27,"values":[1,0,0,0,0,-0.3566,0.9343,0,0,-0.9343,-0.3566,0,-0.0256,0.1561,0.1078,1]},
{"frame":28,"values":[1,0,0,0,0,-0.4128,0.9108,0,0,-0.9108,-0.4128,0,-0.0256,0.1561,0.1078,1]},
{"frame":29,"values":[1,0,0,0,0,-0.4727,0.8812,0,0,-0.8812,-0.4727,0,-0.0256,0.1561,0.1078,1]},
{"frame":30,"values":[1,0,0,0,0,-0.5344,0.8453,0,0,-0.8453,-0.5344,0,-0.0256,0.1561,0.1078,1]},
{"frame":31,"values":[1,0,0,0,0,-0.5961,0.8029,0,0,-0.8029,-0.5961,0,-0.0256,0.1561,0.1078,1]},
{"frame":32,"values":[1,0,0,0,0,-0.656,0.7547,0,0,-0.7547,-0.656,0,-0.0256,0.1561,0.1078,1]},
{"frame":33,"values":[1,0,0,0,0,-0.7126,0.7016,0,0,-0.7016,-0.7126,0,-0.0256,0.1561,0.1078,1]},
{"frame":34,"values":[1,0,0,0,0,-0.7644,0.6447,0,0,-0.6447,-0.7644,0,-0.0256,0.1561,0.1078,1]},
{"frame":35,"values":[1,0,0,0,0,-0.8105,0.5858,0,0,-0.5858,-0.8105,0,-0.0256,0.1561,0.1078,1]},
{"frame":36,"values":[1,0,0,0,0,-0.8502,0.5264,0,0,-0.5264,-0.8502,0,-0.0256,0.1561,0.1078,1]},
{"frame":37,"values":[1,0,0,0,0,-0.8834,0.4685,0,0,-0.4685,-0.8834,0,-0.0256,0.1561,0.1078,1]},
{"frame":38,"values":[1,0,0,0,0,-0.9103,0.4139,0,0,-0.4139,-0.9103,0,-0.0256,0.1561,0.1078,1]},
{"frame":39,"values":[1,0,0,0,0,-0.9314,0.364,0,0,-0.364,-0.9314,0,-0.0256,0.1561,0.1078,1]},
{"frame":40,"values":[1,0,0,0,0,-0.9472,0.3206,0,0,-0.3206,-0.9472,0,-0.0256,0.1561,0.1078,1]},
{"frame":41,"values":[1,0,0,0,0,-0.9586,0.2848,0,0,-0.2848,-0.9586,0,-0.0256,0.1561,0.1078,1]},
{"frame":42,"values":[1,0,0,0,0,-0.9661,0.258,0,0,-0.258,-0.9661,0,-0.0256,0.1561,0.1078,1]},
{"frame":43,"values":[1,0,0,0,0,-0.9705,0.2411,0,0,-0.2411,-0.9705,0,-0.0256,0.1561,0.1078,1]},
{"frame":44,"values":[1,0,0,0,0,-0.9719,0.2352,0,0,-0.2352,-0.9719,0,-0.0256,0.1561,0.1078,1]}],"loopBehavior":1,"name":"anim","property":"_matrix"}},
{"name":"Lower_arm.L.001","index":15,"matrix":[0.9833,-0.0201,-0.1809,0,0.018,0.9998,-0.0131,0,0.1812,0.0097,0.9834,0,0,0.1679,0,1],"rest":[0.9833,-0.0201,-0.1809,0,0.018,0.9998,-0.0131,0,0.1812,0.0097,0.9834,0,0,0.1679,0,1],"parentBoneIndex":14,"length":0.1568
,"animation":{"dataType":3,"framePerSecond":24,"keys":[
{"frame":1,"values":[0.9833,-0.0201,-0.1809,0,0.018,0.9998,-0.0131,0,0.1812,0.0097,0.9834,0,0,0.1679,0,1]},
{"frame":2,"values":[0.9833,-0.0201,-0.1809,0,0.018,0.9998,-0.0131,0,0.1812,0.0097,0.9834,0,0,0.1679,0,1]},
{"frame":10,"values":[0.9833,-0.0201,-0.1809,0,0.018,0.9998,-0.0131,0,0.1812,0.0097,0.9834,0,0,0.1679,0,1]},
{"frame":11,"values":[0.9833,-0.0201,-0.1809,0,0.018,0.9998,-0.0131,0,0.1812,0.0097,0.9834,0,0,0.1679,0,1]},
{"frame":21,"values":[0.9833,-0.0201,-0.1809,0,0.018,0.9998,-0.0131,0,0.1812,0.0097,0.9834,0,0,0.1679,0,1]},
{"frame":44,"values":[0.9833,-0.0201,-0.1809,0,0.018,0.9998,-0.0131,0,0.1812,0.0097,0.9834,0,0,0.1679,0,1]}],"loopBehavior":1,"name":"anim","property":"_matrix"}},
{"name":"Hand.L.001","index":16,"matrix":[0.9833,0.018,0.1812,0,-0.019,0.9998,0.0035,0,-0.1811,-0.0069,0.9834,0,0,0.1568,0,1],"rest":[0.9833,0.018,0.1812,0,-0.019,0.9998,0.0035,0,-0.1811,-0.0069,0.9834,0,0,0.1568,0,1],"parentBoneIndex":15,"length":0.0511
,"animation":{"dataType":3,"framePerSecond":24,"keys":[
{"frame":1,"values":[0.9833,0.018,0.1812,0,-0.019,0.9998,0.0035,0,-0.1811,-0.0069,0.9834,0,0,0.1568,0,1]},
{"frame":2,"values":[0.9833,0.018,0.1812,0,-0.019,0.9998,0.0035,0,-0.1811,-0.0069,0.9834,0,0,0.1568,0,1]},
{"frame":10,"values":[0.9833,0.018,0.1812,0,-0.019,0.9998,0.0035,0,-0.1811,-0.0069,0.9834,0,0,0.1568,0,1]},
{"frame":11,"values":[0.9833,0.018,0.1812,0,-0.019,0.9998,0.0035,0,-0.1811,-0.0069,0.9834,0,0,0.1568,0,1]},
{"frame":21,"values":[0.9833,0.018,0.1812,0,-0.019,0.9998,0.0035,0,-0.1811,-0.0069,0.9834,0,0,0.1568,0,1]},
{"frame":44,"values":[0.9833,0.018,0.1812,0,-0.019,0.9998,0.0035,0,-0.1811,-0.0069,0.9834,0,0,0.1568,0,1]}],"loopBehavior":1,"name":"anim","property":"_matrix"}},
{"name":"Upper_leg.L.001","index":17,"matrix":[0.9829,0.1846,0.0052,0,0.1846,-0.9812,-0.0564,0,-0.0052,0.0563,-0.9984,0,0,-0.0354,0.0547,1],"rest":[0.9992,0.0405,0.001,0,0.0405,-0.9991,0.0099,0,0.0014,-0.0099,-1,0,0,-0.0354,0.0547,1],"parentBoneIndex":0,"length":0.2265
,"animation":{"dataType":3,"framePerSecond":24,"keys":[
{"frame":1,"values":[0.9467,-0.3225,0.0027,0,-0.3225,-0.9465,0.0125,0,-0.0014,-0.0127,-0.9999,0,0,-0.0354,0.0547,1]},
{"frame":2,"values":[0.9467,-0.3225,0.0027,0,-0.3225,-0.9465,0.0125,0,-0.0014,-0.0127,-0.9999,0,0,-0.0354,0.0547,1]},
{"frame":10,"values":[0.9467,-0.3225,0.0027,0,-0.3225,-0.9465,0.0125,0,-0.0014,-0.0127,-0.9999,0,0,-0.0354,0.0547,1]},
{"frame":11,"values":[0.9467,-0.3225,0.0027,0,-0.3225,-0.9465,0.0125,0,-0.0014,-0.0127,-0.9999,0,0,-0.0354,0.0547,1]},
{"frame":21,"values":[0.9993,0.0405,-0.0018,0,0.0405,-0.9991,0.0098,0,-0.0012,-0.0099,-1,0,0,-0.0354,0.0547,1]},
{"frame":22,"values":[0.9979,0.0667,-0.002,0,0.0667,-0.9977,0.0075,0,-0.0014,-0.0076,-1,0,0,-0.0354,0.0547,1]},
{"frame":23,"values":[0.9945,0.1063,-0.0023,0,0.1063,-0.9943,0.0036,0,-0.0018,-0.0038,-1,0,0,-0.0354,0.0547,1]},
{"frame":24,"values":[0.9898,0.1433,-0.0025,0,0.1433,-0.9897,-0.0006,0,-0.0024,0.0002,-1,0,0,-0.0354,0.0547,1]},
{"frame":25,"values":[0.9845,0.176,-0.0024,0,0.176,-0.9844,-0.0047,0,-0.0031,0.0042,-1,0,0,-0.0354,0.0547,1]},
{"frame":26,"values":[0.9791,0.204,-0.0022,0,0.204,-0.9789,-0.0089,0,-0.0039,0.0083,-1,0,0,-0.0354,0.0547,1]},
{"frame":27,"values":[0.974,0.2272,-0.0018,0,0.2272,-0.9738,-0.013,0,-0.0046,0.0122,-0.9999,0,0,-0.0354,0.0547,1]},
{"frame":28,"values":[0.9695,0.2458,-0.0013,0,0.2457,-0.9692,-0.017,0,-0.0053,0.0162,-0.9999,0,0,-0.0354,0.0547,1]},
{"frame":29,"values":[0.9658,0.2598,-0.0007,0,0.2597,-0.9655,-0.0209,0,-0.006,0.02,-0.9998,0,0,-0.0354,0.0547,1]},
{"frame":30,"values":[0.9632,0.2695,0,0,0.2694,-0.9627,-0.0247,0,-0.0065,0.0238,-0.9997,0,0,-0.0354,0.0547,1]},
{"frame":31,"values":[0.9616,0.275,0.0007,0,0.275,-0.961,-0.0284,0,-0.007,0.0275,-0.9996,0,0,-0.0354,0.0547,1]},
{"frame":32,"values":[0.9611,0.2769,0.0015,0,0.2768,-0.9604,-0.0319,0,-0.0072,0.0311,-0.9995,0,0,-0.0354,0.0547,1]},
{"frame":33,"values":[0.9615,0.2752,0.0023,0,0.2751,-0.9608,-0.0352,0,-0.0074,0.0345,-0.9994,0,0,-0.0354,0.0547,1]},
{"frame":34,"values":[0.9629,0.2705,0.0029,0,0.2704,-0.962,-0.0384,0,-0.0074,0.0378,-0.9993,0,0,-0.0354,0.0547,1]},
{"frame":35,"values":[0.9649,0.2631,0.0036,0,0.2631,-0.9639,-0.0414,0,-0.0073,0.0409,-0.9991,0,0,-0.0354,0.0547,1]},
{"frame":36,"values":[0.9674,0.2537,0.0041,0,0.2537,-0.9663,-0.0442,0,-0.0071,0.0438,-0.999,0,0,-0.0354,0.0547,1]},
{"frame":37,"values":[0.9702,0.2429,0.0045,0,0.2429,-0.9689,-0.0468,0,-0.0069,0.0464,-0.9989,0,0,-0.0354,0.0547,1]},
{"frame":38,"values":[0.973,0.2313,0.0048,0,0.2313,-0.9717,-0.0491,0,-0.0066,0.0489,-0.9988,0,0,-0.0354,0.0547,1]},
{"frame":39,"values":[0.9757,0.2197,0.005,0,0.2197,-0.9742,-0.0512,0,-0.0062,0.051,-0.9987,0,0,-0.0354,0.0547,1]},
{"frame":40,"values":[0.9781,0.2086,0.0051,0,0.2087,-0.9766,-0.0529,0,-0.0059,0.0528,-0.9986,0,0,-0.0354,0.0547,1]},
{"frame":41,"values":[0.9801,0.1989,0.0052,0,0.199,-0.9785,-0.0544,0,-0.0056,0.0543,-0.9985,0,0,-0.0354,0.0547,1]},
{"frame":42,"values":[0.9817,0.1913,0.0052,0,0.1914,-0.98,-0.0555,0,-0.0054,0.0554,-0.9985,0,0,-0.0354,0.0547,1]},
{"frame":43,"values":[0.9826,0.1863,0.0052,0,0.1864,-0.9809,-0.0561,0,-0.0052,0.0561,-0.9984,0,0,-0.0354,0.0547,1]},
{"frame":44,"values":[0.9829,0.1846,0.0052,0,0.1846,-0.9812,-0.0564,0,-0.0052,0.0563,-0.9984,0,0,-0.0354,0.0547,1]}],"loopBehavior":1,"name":"anim","property":"_matrix"}},
{"name":"Lower_leg.L.001","index":18,"matrix":[0.4208,0.9062,-0.0433,0,-0.9058,0.4174,-0.0716,0,-0.0468,0.0693,0.9965,0,0,0.2265,0,1],"rest":[0.998,0.0629,0.0023,0,-0.0628,0.998,-0.005,0,-0.0026,0.0048,1,0,0,0.2265,0,1],"parentBoneIndex":17,"length":0.2383
,"animation":{"dataType":3,"framePerSecond":24,"keys":[
{"frame":1,"values":[1,0.0053,0.0025,0,-0.0054,1,-0.0004,0,-0.0025,0.0004,1,0,0,0.2265,0,1]},
{"frame":2,"values":[1,0.0053,0.0025,0,-0.0054,1,-0.0004,0,-0.0025,0.0004,1,0,0,0.2265,0,1]},
{"frame":10,"values":[1,0.0053,0.0025,0,-0.0054,1,-0.0004,0,-0.0025,0.0004,1,0,0,0.2265,0,1]},
{"frame":11,"values":[1,0.0053,0.0025,0,-0.0054,1,-0.0004,0,-0.0025,0.0004,1,0,0,0.2265,0,1]},
{"frame":21,"values":[0.998,0.0629,0.0023,0,-0.0629,0.998,-0.005,0,-0.0026,0.0048,1,0,0,0.2265,0,1]},
{"frame":22,"values":[0.9931,0.1175,0.0019,0,-0.1175,0.993,-0.0093,0,-0.003,0.009,1,0,0,0.2265,0,1]},
{"frame":23,"values":[0.9789,0.2042,0.0008,0,-0.2042,0.9788,-0.0161,0,-0.0041,0.0156,0.9999,0,0,0.2265,0,1]},
{"frame":24,"values":[0.9568,0.2908,-0.0009,0,-0.2907,0.9565,-0.023,0,-0.0058,0.0222,0.9997,0,0,0.2265,0,1]},
{"frame":25,"values":[0.9279,0.3728,-0.0032,0,-0.3727,0.9275,-0.0294,0,-0.008,0.0285,0.9996,0,0,0.2265,0,1]},
{"frame":26,"values":[0.8936,0.4489,-0.0059,0,-0.4487,0.893,-0.0354,0,-0.0106,0.0343,0.9994,0,0,0.2265,0,1]},
{"frame":27,"values":[0.8553,0.518,-0.009,0,-0.5178,0.8545,-0.0409,0,-0.0135,0.0396,0.9991,0,0,0.2265,0,1]},
{"frame":28,"values":[0.8144,0.5802,-0.0122,0,-0.58,0.8133,-0.0458,0,-0.0167,0.0444,0.9989,0,0,0.2265,0,1]},
{"frame":29,"values":[0.7721,0.6354,-0.0155,0,-0.6351,0.7707,-0.0502,0,-0.0199,0.0486,0.9986,0,0,0.2265,0,1]},
{"frame":30,"values":[0.7295,0.6838,-0.0189,0,-0.6835,0.7279,-0.054,0,-0.0232,0.0523,0.9984,0,0,0.2265,0,1]},
{"frame":31,"values":[0.6878,0.7256,-0.0222,0,-0.7253,0.6859,-0.0573,0,-0.0264,0.0555,0.9981,0,0,0.2265,0,1]},
{"frame":32,"values":[0.6477,0.7615,-0.0254,0,-0.7612,0.6456,-0.0601,0,-0.0294,0.0583,0.9979,0,0,0.2265,0,1]},
{"frame":33,"values":[0.6101,0.7919,-0.0283,0,-0.7915,0.6078,-0.0625,0,-0.0323,0.0606,0.9976,0,0,0.2265,0,1]},
{"frame":34,"values":[0.5754,0.8173,-0.0311,0,-0.817,0.5729,-0.0645,0,-0.035,0.0625,0.9974,0,0,0.2265,0,1]},
{"frame":35,"values":[0.5443,0.8383,-0.0335,0,-0.838,0.5416,-0.0662,0,-0.0373,0.0641,0.9972,0,0,0.2265,0,1]},
{"frame":36,"values":[0.5167,0.8555,-0.0357,0,-0.8551,0.5139,-0.0676,0,-0.0394,0.0654,0.9971,0,0,0.2265,0,1]},
{"frame":37,"values":[0.4929,0.8693,-0.0376,0,-0.869,0.4899,-0.0687,0,-0.0413,0.0665,0.9969,0,0,0.2265,0,1]},
{"frame":38,"values":[0.4729,0.8803,-0.0392,0,-0.88,0.4697,-0.0695,0,-0.0428,0.0673,0.9968,0,0,0.2265,0,1]},
{"frame":39,"values":[0.4563,0.889,-0.0405,0,-0.8886,0.4531,-0.0702,0,-0.0441,0.068,0.9967,0,0,0.2265,0,1]},
{"frame":40,"values":[0.4432,0.8955,-0.0415,0,-0.8952,0.4399,-0.0707,0,-0.0451,0.0685,0.9966,0,0,0.2265,0,1]},
{"frame":41,"values":[0.4333,0.9003,-0.0423,0,-0.9,0.4299,-0.0711,0,-0.0458,0.0689,0.9966,0,0,0.2265,0,1]},
{"frame":42,"values":[0.4264,0.9036,-0.0428,0,-0.9032,0.423,-0.0714,0,-0.0464,0.0691,0.9965,0,0,0.2265,0,1]},
{"frame":43,"values":[0.4222,0.9055,-0.0432,0,-0.9052,0.4188,-0.0715,0,-0.0467,0.0693,0.9965,0,0,0.2265,0,1]},
{"frame":44,"values":[0.4208,0.9062,-0.0433,0,-0.9058,0.4174,-0.0716,0,-0.0468,0.0693,0.9965,0,0,0.2265,0,1]}],"loopBehavior":1,"name":"anim","property":"_matrix"}},
{"name":"Foot.L.001","index":19,"matrix":[-0.0005,0.0224,-0.9997,0,0.6602,0.7509,0.0165,0,0.7511,-0.66,-0.0152,0,0,0.2383,0,1],"rest":[-0.0005,0.0224,-0.9997,0,0.6602,0.7509,0.0165,0,0.7511,-0.66,-0.0152,0,0,0.2383,0,1],"parentBoneIndex":18,"length":0.0499
,"animation":{"dataType":3,"framePerSecond":24,"keys":[
{"frame":1,"values":[-0.0005,0.0224,-0.9997,0,0.6602,0.7509,0.0165,0,0.7511,-0.66,-0.0152,0,0,0.2383,0,1]},
{"frame":2,"values":[-0.0005,0.0224,-0.9997,0,0.6602,0.7509,0.0165,0,0.7511,-0.66,-0.0152,0,0,0.2383,0,1]},
{"frame":10,"values":[-0.0005,0.0224,-0.9997,0,0.6602,0.7509,0.0165,0,0.7511,-0.66,-0.0152,0,0,0.2383,0,1]},
{"frame":11,"values":[-0.0005,0.0224,-0.9997,0,0.6602,0.7509,0.0165,0,0.7511,-0.66,-0.0152,0,0,0.2383,0,1]},
{"frame":21,"values":[-0.0005,0.0224,-0.9997,0,0.6602,0.7509,0.0165,0,0.7511,-0.66,-0.0152,0,0,0.2383,0,1]},
{"frame":44,"values":[-0.0005,0.0224,-0.9997,0,0.6602,0.7509,0.0165,0,0.7511,-0.66,-0.0152,0,0,0.2383,0,1]}],"loopBehavior":1,"name":"anim","property":"_matrix"}},
{"name":"Toes.L.001","index":20,"matrix":[1,0,0,0,0,0.7506,0.6607,0,0,-0.6607,0.7506,0,0,0.0499,0,1],"rest":[1,0,0,0,0,0.7506,0.6607,0,0,-0.6607,0.7506,0,0,0.0499,0,1],"parentBoneIndex":19,"length":0.051
,"animation":{"dataType":3,"framePerSecond":24,"keys":[
{"frame":1,"values":[1,0,0,0,0,0.7506,0.6607,0,0,-0.6607,0.7506,0,0,0.0499,0,1]},
{"frame":2,"values":[1,0,0,0,0,0.7506,0.6607,0,0,-0.6607,0.7506,0,0,0.0499,0,1]},
{"frame":10,"values":[1,0,0,0,0,0.7506,0.6607,0,0,-0.6607,0.7506,0,0,0.0499,0,1]},
{"frame":11,"values":[1,0,0,0,0,0.7506,0.6607,0,0,-0.6607,0.7506,0,0,0.0499,0,1]},
{"frame":21,"values":[1,0,0,0,0,0.7506,0.6607,0,0,-0.6607,0.7506,0,0,0.0499,0,1]},
{"frame":44,"values":[1,0,0,0,0,0.7506,0.6607,0,0,-0.6607,0.7506,0,0,0.0499,0,1]}],"loopBehavior":1,"name":"anim","property":"_matrix"}},
{"name":"Leg_ik.L.001","index":21,"matrix":[2.7117,0,0,0,0,0,2.7117,0,0,2.7117,0,0,-0.1688,0.2033,0.4763,1],"rest":[2.7117,0,0,0,0,0,2.7117,0,0,2.7117,0,0,-0.1688,0.142,0.0539,1],"parentBoneIndex":-1,"length":0.0687
,"animation":{"dataType":3,"framePerSecond":24,"keys":[
{"frame":1,"values":[2.7117,0,0,0,0,0,2.7117,0,0,2.7117,0,0,-0.1688,0.2033,0.4763,1]},
{"frame":2,"values":[2.7117,0,0,0,0,0,2.7117,0,0,2.7117,0,0,-0.1688,0.2033,0.4763,1]},
{"frame":10,"values":[2.7117,0,0,0,0,0,2.7117,0,0,2.7117,0,0,-0.1688,0.2033,0.4763,1]},
{"frame":11,"values":[2.7117,0,0,0,0,0,2.7117,0,0,2.7117,0,0,-0.1688,0.2033,0.4763,1]},
{"frame":21,"values":[2.7117,0,0,0,0,0,2.7117,0,0,2.7117,0,0,-0.1688,0.142,0.0539,1]},
{"frame":22,"values":[2.7117,0,0,0,0,0,2.7117,0,0,2.7117,0,0,-0.1688,0.1424,0.0562,1]},
{"frame":23,"values":[2.7117,0,0,0,0,0,2.7117,0,0,2.7117,0,0,-0.1688,0.1433,0.0629,1]},
{"frame":24,"values":[2.7117,0,0,0,0,0,2.7117,0,0,2.7117,0,0,-0.1688,0.1449,0.0735,1]},
{"frame":25,"values":[2.7117,0,0,0,0,0,2.7117,0,0,2.7117,0,0,-0.1688,0.1469,0.0877,1]},
{"frame":26,"values":[2.7117,0,0,0,0,0,2.7117,0,0,2.7117,0,0,-0.1688,0.1495,0.1051,1]},
{"frame":27,"values":[2.7117,0,0,0,0,0,2.7117,0,0,2.7117,0,0,-0.1688,0.1524,0.1251,1]},
{"frame":28,"values":[2.7117,0,0,0,0,0,2.7117,0,0,2.7117,0,0,-0.1688,0.1556,0.1474,1]},
{"frame":29,"values":[2.7117,0,0,0,0,0,2.7117,0,0,2.7117,0,0,-0.1688,0.1591,0.1716,1]},
{"frame":30,"values":[2.7117,0,0,0,0,0,2.7117,0,0,2.7117,0,0,-0.1688,0.1628,0.1973,1]},
{"frame":31,"values":[2.7117,0,0,0,0,0,2.7117,0,0,2.7117,0,0,-0.1688,0.1667,0.224,1]},
{"frame":32,"values":[2.7117,0,0,0,0,0,2.7117,0,0,2.7117,0,0,-0.1688,0.1706,0.2513,1]},
{"frame":33,"values":[2.7117,0,0,0,0,0,2.7117,0,0,2.7117,0,0,-0.1688,0.1746,0.2788,1]},
{"frame":34,"values":[2.7117,0,0,0,0,0,2.7117,0,0,2.7117,0,0,-0.1688,0.1786,0.3061,1]},
{"frame":35,"values":[2.7117,0,0,0,0,0,2.7117,0,0,2.7117,0,0,-0.1688,0.1825,0.3328,1]},
{"frame":36,"values":[2.7117,0,0,0,0,0,2.7117,0,0,2.7117,0,0,-0.1688,0.1862,0.3585,1]},
{"frame":37,"values":[2.7117,0,0,0,0,0,2.7117,0,0,2.7117,0,0,-0.1688,0.1897,0.3827,1]},
