{"producer":{"name":"Blender","version":"2.80 (sub 75)","exporter_version":"6.2.3","file":"player.babylon"},
"autoClear":true,"clearColor":[0.0509,0.0509,0.0509],"gravity":[0,-9.81,0],
"materials":[],
"multiMaterials":[],
"skeletons":[{"name":"metarig","id":0,"dimensionsAtRest":[1.6077,1.9693,0.6792],"bones":[
{"name":"spine","index":0,"matrix":[0.5483,0,0,0,0,0.5478,0.0227,0,0,0.0227,-0.5478,0,-0.0003,0.5612,0.032,1],"rest":[0.5483,0,0,0,0,0.5478,0.0227,0,0,0.0227,-0.5478,0,0.0004,0.5665,0.0205,1],"parentBoneIndex":-1,"length":0.1568
,"animation":{"dataType":3,"framePerSecond":24,"keys":[
{"frame":1,"values":[0.5483,0,0,0,0,0.5478,0.0227,0,0,0.0227,-0.5478,0,-0.0013,0.5239,0.0205,1]},
{"frame":2,"values":[0.5483,0,0,0,0,0.5478,0.0227,0,0,0.0227,-0.5478,0,-0.0012,0.5265,0.0212,1]},
{"frame":3,"values":[0.5483,0,0,0,0,0.5478,0.0227,0,0,0.0227,-0.5478,0,-0.0011,0.5331,0.0232,1]},
{"frame":4,"values":[0.5483,0,0,0,0,0.5478,0.0227,0,0,0.0227,-0.5478,0,-0.0008,0.5422,0.026,1]},
{"frame":5,"values":[0.5483,0,0,0,0,0.5478,0.0227,0,0,0.0227,-0.5478,0,-0.0006,0.5521,0.029,1]},
{"frame":6,"values":[0.5483,0,0,0,0,0.5478,0.0227,0,0,0.0227,-0.5478,0,-0.0003,0.5612,0.032,1]},
{"frame":7,"values":[0.5483,0,0,0,0,0.5478,0.0227,0,0,0.0227,-0.5478,0,0,0.5679,0.0345,1]},
{"frame":8,"values":[0.5483,0,0,0,0,0.5478,0.0227,0,0,0.0227,-0.5478,0,0.0003,0.5704,0.036,1]},
{"frame":9,"values":[0.5483,0,0,0,0,0.5478,0.0227,0,0,0.0227,-0.5478,0,0.0005,0.5681,0.0366,1]},
{"frame":10,"values":[0.5483,0,0,0,0,0.5478,0.0227,0,0,0.0227,-0.5478,0,0.0006,0.5619,0.0369,1]},
{"frame":11,"values":[0.5483,0,0,0,0,0.5478,0.0227,0,0,0.0227,-0.5478,0,0.0008,0.5533,0.037,1]},
{"frame":12,"values":[0.5483,0,0,0,0,0.5478,0.0227,0,0,0.0227,-0.5478,0,0.001,0.5434,0.0368,1]},
{"frame":13,"values":[0.5483,0,0,0,0,0.5478,0.0227,0,0,0.0227,-0.5478,0,0.0012,0.5335,0.0366,1]},
{"frame":14,"values":[0.5483,0,0,0,0,0.5478,0.0227,0,0,0.0227,-0.5478,0,0.0014,0.5249,0.0363,1]},
{"frame":15,"values":[0.5483,0,0,0,0,0.5478,0.0227,0,0,0.0227,-0.5478,0,0.0017,0.5188,0.0361,1]},
{"frame":16,"values":[0.5483,0,0,0,0,0.5478,0.0227,0,0,0.0227,-0.5478,0,0.0021,0.5164,0.036,1]},
{"frame":17,"values":[0.5483,0,0,0,0,0.5478,0.0227,0,0,0.0227,-0.5478,0,0.0026,0.5188,0.036,1]},
{"frame":18,"values":[0.5483,0,0,0,0,0.5478,0.0227,0,0,0.0227,-0.5478,0,0.0032,0.5252,0.036,1]},
{"frame":19,"values":[0.5483,0,0,0,0,0.5478,0.0227,0,0,0.0227,-0.5478,0,0.0038,0.5341,0.036,1]},
{"frame":20,"values":[0.5483,0,0,0,0,0.5478,0.0227,0,0,0.0227,-0.5478,0,0.0045,0.5444,0.036,1]},
{"frame":21,"values":[0.5483,0,0,0,0,0.5478,0.0227,0,0,0.0227,-0.5478,0,0.005,0.5546,0.036,1]},
{"frame":22,"values":[0.5483,0,0,0,0,0.5478,0.0227,0,0,0.0227,-0.5478,0,0.0054,0.5635,0.036,1]},
{"frame":23,"values":[0.5483,0,0,0,0,0.5478,0.0227,0,0,0.0227,-0.5478,0,0.0057,0.5699,0.036,1]},
{"frame":24,"values":[0.5483,0,0,0,0,0.5478,0.0227,0,0,0.0227,-0.5478,0,0.0058,0.5723,0.036,1]},
{"frame":30,"values":[0.5483,0,0,0,0,0.5478,0.0227,0,0,0.0227,-0.5478,0,0.0058,0.5723,0.036,1]},
{"frame":31,"values":[0.5483,0,0,0,0,0.5478,0.0227,0,0,0.0227,-0.5478,0,0.0058,0.5723,0.036,1]}],"loopBehavior":1,"name":"anim","property":"_matrix"}},
{"name":"spine.001","index":1,"matrix":[1,0,0,0,0,0.9996,-0.0276,0,0,0.0276,0.9996,0,0,0.1568,0,1],"rest":[1,0,0,0,0,0.9996,-0.0276,0,0,0.0276,0.9996,0,0,0.1568,0,1],"parentBoneIndex":0,"length":0.1266
,"animation":{"dataType":3,"framePerSecond":24,"keys":[
{"frame":1,"values":[1,0,0,0,0,0.9996,-0.0276,0,0,0.0276,0.9996,0,0,0.1568,0,1]},
{"frame":24,"values":[1,0,0,0,0,0.9996,-0.0276,0,0,0.0276,0.9996,0,0,0.1568,0,1]},
{"frame":30,"values":[1,0,0,0,0,0.9996,-0.0276,0,0,0.0276,0.9996,0,0,0.1568,0,1]},
{"frame":31,"values":[1,0,0,0,0,0.9996,-0.0276,0,0,0.0276,0.9996,0,0,0.1568,0,1]}],"loopBehavior":1,"name":"anim","property":"_matrix"}},
{"name":"spine.002","index":2,"matrix":[1,0,0,0,0,0.9993,0.0372,0,0,-0.0372,0.9993,0,0,0.1266,0,1],"rest":[1,0,0,0,0,0.9993,0.0372,0,0,-0.0372,0.9993,0,0,0.1266,0,1],"parentBoneIndex":1,"length":0.1729
,"animation":{"dataType":3,"framePerSecond":24,"keys":[
{"frame":1,"values":[1,0,0,0,0,0.9993,0.0372,0,0,-0.0372,0.9993,0,0,0.1266,0,1]},
{"frame":24,"values":[1,0,0,0,0,0.9993,0.0372,0,0,-0.0372,0.9993,0,0,0.1266,0,1]},
{"frame":30,"values":[1,0,0,0,0,0.9993,0.0372,0,0,-0.0372,0.9993,0,0,0.1266,0,1]},
{"frame":31,"values":[1,0,0,0,0,0.9993,0.0372,0,0,-0.0372,0.9993,0,0,0.1266,0,1]}],"loopBehavior":1,"name":"anim","property":"_matrix"}},
{"name":"spine.003","index":3,"matrix":[0.9999,0.0084,-0.0083,0,-0.0085,0.9999,-0.014,0,0.0082,0.0141,0.9999,0,0,0.1729,0,1],"rest":[0.9999,0.0084,-0.0083,0,-0.0085,0.9999,-0.014,0,0.0082,0.0141,0.9999,0,0,0.1729,0,1],"parentBoneIndex":2,"length":0.1855
,"animation":{"dataType":3,"framePerSecond":24,"keys":[
{"frame":1,"values":[0.9999,0.0084,-0.0083,0,-0.0085,0.9999,-0.014,0,0.0082,0.0141,0.9999,0,0,0.1729,0,1]},
{"frame":24,"values":[0.9999,0.0084,-0.0083,0,-0.0085,0.9999,-0.014,0,0.0082,0.0141,0.9999,0,0,0.1729,0,1]},
{"frame":30,"values":[0.9999,0.0084,-0.0083,0,-0.0085,0.9999,-0.014,0,0.0082,0.0141,0.9999,0,0,0.1729,0,1]},
{"frame":31,"values":[0.9999,0.0084,-0.0083,0,-0.0085,0.9999,-0.014,0,0.0082,0.0141,0.9999,0,0,0.1729,0,1]}],"loopBehavior":1,"name":"anim","property":"_matrix"}},
{"name":"upper_arm.L","index":4,"matrix":[0.9504,0.1104,0.2909,0,0.2072,-0.9221,-0.3268,0,0.2322,0.3709,-0.8992,0,0.193,0.1335,-0.0156,1],"rest":[0.2102,0.955,0.2095,0,0.9763,-0.2162,0.0061,0,0.0511,0.2032,-0.9778,0,0.193,0.1335,-0.0156,1],"parentBoneIndex":3,"length":0.3237
,"animation":{"dataType":3,"framePerSecond":24,"keys":[
{"frame":1,"values":[0.9459,0.0793,0.3147,0,0.2327,-0.8416,-0.4875,0,0.2262,0.5343,-0.8145,0,0.193,0.1335,-0.0156,1]},
{"frame":2,"values":[0.9461,0.0809,0.3136,0,0.2314,-0.8463,-0.4799,0,0.2266,0.5266,-0.8194,0,0.193,0.1335,-0.0156,1]},
{"frame":3,"values":[0.9467,0.0853,0.3106,0,0.2278,-0.859,-0.4584,0,0.2277,0.5048,-0.8327,0,0.193,0.1335,-0.0156,1]},
{"frame":4,"values":[0.9476,0.0921,0.3058,0,0.2223,-0.8776,-0.4247,0,0.2292,0.4705,-0.8521,0,0.193,0.1335,-0.0156,1]},
{"frame":5,"values":[0.9489,0.1007,0.2992,0,0.2153,-0.8995,-0.3803,0,0.2308,0.4253,-0.8751,0,0.193,0.1335,-0.0156,1]},
{"frame":6,"values":[0.9504,0.1104,0.2909,0,0.2072,-0.9221,-0.3268,0,0.2322,0.3709,-0.8992,0,0.193,0.1335,-0.0156,1]},
{"frame":7,"values":[0.952,0.1208,0.2812,0,0.1983,-0.9433,-0.2663,0,0.2331,0.3093,-0.922,0,0.193,0.1335,-0.0156,1]},
{"frame":8,"values":[0.9538,0.1313,0.2702,0,0.1892,-0.9612,-0.201,0,0.2333,0.2428,-0.9416,0,0.193,0.1335,-0.0156,1]},
{"frame":9,"values":[0.9553,0.1433,0.2585,0,0.1821,-0.9743,-0.1329,0,0.2328,0.174,-0.9568,0,0.193,0.1335,-0.0156,1]},
{"frame":10,"values":[0.9562,0.1575,0.2466,0,0.1783,-0.9819,-0.0645,0,0.232,0.1056,-0.967,0,0.193,0.1335,-0.0156,1]},
{"frame":11,"values":[0.9566,0.1726,0.2347,0,0.1773,-0.9842,0.0012,0,0.2312,0.0405,-0.9721,0,0.193,0.1335,-0.0156,1]},
{"frame":12,"values":[0.9566,0.1875,0.223,0,0.1782,-0.9821,0.0611,0,0.2305,-0.0187,-0.9729,0,0.193,0.1335,-0.0156,1]},
{"frame":13,"values":[0.9563,0.2008,0.2125,0,0.1803,-0.9772,0.1122,0,0.2301,-0.069,-0.9707,0,0.193,0.1335,-0.0156,1]},
{"frame":14,"values":[0.9559,0.2117,0.2037,0,0.1828,-0.9714,0.1518,0,0.23,-0.1079,-0.9672,0,0.193,0.1335,-0.0156,1]},
{"frame":15,"values":[0.9554,0.2191,0.1978,0,0.1849,-0.9666,0.1775,0,0.2301,-0.133,-0.964,0,0.193,0.1335,-0.0156,1]},
{"frame":16,"values":[0.9552,0.222,0.1957,0,0.186,-0.9647,0.1865,0,0.2302,-0.1418,-0.9628,0,0.193,0.1335,-0.0156,1]},
{"frame":17,"values":[0.9551,0.2209,0.1973,0,0.1863,-0.966,0.1794,0,0.2303,-0.1346,-0.9638,0,0.193,0.1335,-0.0156,1]},
{"frame":18,"values":[0.955,0.2173,0.2017,0,0.1865,-0.9692,0.1607,0,0.2304,-0.1159,-0.9662,0,0.193,0.1335,-0.0156,1]},
{"frame":19,"values":[0.9549,0.2119,0.2078,0,0.1867,-0.9732,0.1342,0,0.2307,-0.0894,-0.9689,0,0.193,0.1335,-0.0156,1]},
{"frame":20,"values":[0.9548,0.2054,0.2146,0,0.1869,-0.9769,0.1037,0,0.231,-0.0589,-0.9712,0,0.193,0.1335,-0.0156,1]},
{"frame":21,"values":[0.9548,0.1988,0.2212,0,0.187,-0.9796,0.073,0,0.2312,-0.0283,-0.9725,0,0.193,0.1335,-0.0156,1]},
{"frame":22,"values":[0.9547,0.1927,0.2268,0,0.1871,-0.9812,0.0462,0,0.2315,-0.0017,-0.9728,0,0.193,0.1335,-0.0156,1]},
{"frame":23,"values":[0.9546,0.1884,0.2306,0,0.1872,-0.9819,0.0273,0,0.2316,0.0171,-0.9727,0,0.193,0.1335,-0.0156,1]},
{"frame":24,"values":[0.9546,0.1867,0.2321,0,0.1872,-0.9821,0.0201,0,0.2317,0.0243,-0.9725,0,0.193,0.1335,-0.0156,1]},
{"frame":30,"values":[0.9546,0.1867,0.2321,0,0.1872,-0.9821,0.0201,0,0.2317,0.0243,-0.9725,0,0.193,0.1335,-0.0156,1]},
{"frame":31,"values":[0.9546,0.1867,0.2321,0,0.1872,-0.9821,0.0201,0,0.2317,0.0243,-0.9725,0,0.193,0.1335,-0.0156,1]}],"loopBehavior":1,"name":"anim","property":"_matrix"}},
{"name":"forearm.L","index":5,"matrix":[0.9761,-0.2086,0.0617,0,0.2167,0.9075,-0.3599,0,0.0191,0.3647,0.9309,0,0,0.3237,0,1],"rest":[0.9965,-0.0172,-0.0813,0,0.0199,0.9993,0.0326,0,0.0806,-0.0341,0.9962,0,0,0.3237,0,1],"parentBoneIndex":4,"length":0.2098
,"animation":{"dataType":3,"framePerSecond":24,"keys":[
{"frame":1,"values":[0.9122,-0.3061,0.2723,0,0.4097,0.6895,-0.5973,0,-0.0049,0.6564,0.7544,0,0,0.3237,0,1]},
{"frame":2,"values":[0.9179,-0.3022,0.2572,0,0.3968,0.7078,-0.5844,0,-0.0055,0.6385,0.7696,0,0,0.3237,0,1]},
{"frame":3,"values":[0.9318,-0.2899,0.2184,0,0.363,0.7532,-0.5485,0,-0.0055,0.5904,0.8071,0,0,0.3237,0,1]},
{"frame":4,"values":[0.9488,-0.2687,0.166,0,0.3158,0.8103,-0.4935,0,-0.0019,0.5207,0.8537,0,0,0.3237,0,1]},
{"frame":5,"values":[0.9645,-0.2399,0.1104,0,0.264,0.865,-0.4267,0,0.0068,0.4407,0.8976,0,0,0.3237,0,1]},
{"frame":6,"values":[0.9761,-0.2086,0.0617,0,0.2167,0.9075,-0.3599,0,0.0191,0.3647,0.9309,0,0,0.3237,0,1]},
{"frame":7,"values":[0.9827,-0.183,0.0278,0,0.1826,0.9336,-0.3084,0,0.0305,0.3082,0.9508,0,0,0.3237,0,1]},
{"frame":8,"values":[0.9849,-0.1726,0.0151,0,0.1696,0.9425,-0.2879,0,0.0355,0.2861,0.9575,0,0,0.3237,0,1]},
{"frame":9,"values":[0.9843,-0.1752,0.0197,0,0.1731,0.9384,-0.2991,0,0.0339,0.2979,0.954,0,0,0.3237,0,1]},
{"frame":10,"values":[0.9828,-0.1819,0.0322,0,0.1823,0.9268,-0.3284,0,0.0299,0.3287,0.944,0,0,0.3237,0,1]},
{"frame":11,"values":[0.9804,-0.1907,0.0501,0,0.1956,0.9086,-0.3692,0,0.0249,0.3717,0.928,0,0,0.3237,0,1]},
{"frame":12,"values":[0.9773,-0.1996,0.0712,0,0.211,0.8852,-0.4146,0,0.0198,0.4202,0.9072,0,0,0.3237,0,1]},
{"frame":13,"values":[0.9739,-0.2074,0.0926,0,0.2266,0.8592,-0.4587,0,0.0155,0.4677,0.8838,0,0,0.3237,0,1]},
{"frame":14,"values":[0.9706,-0.2132,0.1116,0,0.2403,0.8346,-0.4957,0,0.0125,0.5079,0.8613,0,0,0.3237,0,1]},
{"frame":15,"values":[0.9682,-0.2168,0.1251,0,0.2501,0.8161,-0.521,0,0.0108,0.5357,0.8443,0,0,0.3237,0,1]},
{"frame":16,"values":[0.9672,-0.218,0.1303,0,0.2538,0.8089,-0.5304,0,0.0103,0.5461,0.8377,0,0,0.3237,0,1]},
{"frame":17,"values":[0.9688,-0.216,0.1219,0,0.2477,0.8206,-0.515,0,0.0112,0.5291,0.8485,0,0,0.3237,0,1]},
{"frame":18,"values":[0.9727,-0.2097,0.0998,0,0.2318,0.8501,-0.4729,0,0.0143,0.4831,0.8755,0,0,0.3237,0,1]},
{"frame":19,"values":[0.9776,-0.1988,0.069,0,0.2094,0.8877,-0.4101,0,0.0203,0.4153,0.9094,0,0,0.3237,0,1]},
{"frame":20,"values":[0.9825,-0.1832,0.0346,0,0.1841,0.9244,-0.3341,0,0.0292,0.3347,0.9419,0,0,0.3237,0,1]},
{"frame":21,"values":[0.9864,-0.1646,0.0017,0,0.1595,0.9537,-0.2549,0,0.0403,0.2517,0.967,0,0,0.3237,0,1]},
{"frame":22,"values":[0.989,-0.146,-0.0256,0,0.1389,0.9731,-0.1838,0,0.0517,0.1782,0.9826,0,0,0.3237,0,1]},
{"frame":23,"values":[0.9903,-0.1317,-0.0439,0,0.1249,0.9832,-0.1328,0,0.0607,0.126,0.9902,0,0,0.3237,0,1]},
{"frame":24,"values":[0.9907,-0.1261,-0.0506,0,0.1197,0.9863,-0.1134,0,0.0642,0.1063,0.9923,0,0,0.3237,0,1]},
{"frame":30,"values":[0.9907,-0.1261,-0.0506,0,0.1197,0.9863,-0.1134,0,0.0642,0.1063,0.9923,0,0,0.3237,0,1]},
{"frame":31,"values":[0.9907,-0.1261,-0.0506,0,0.1197,0.9863,-0.1134,0,0.0642,0.1063,0.9923,0,0,0.3237,0,1]}],"loopBehavior":1,"name":"anim","property":"_matrix"}},
{"name":"hand.L","index":6,"matrix":[0.9944,0.0133,0.1049,0,-0.009,0.9991,-0.0413,0,-0.1053,0.0401,0.9936,0,0,0.2098,0,1],"rest":[0.9944,0.0133,0.1049,0,-0.009,0.9991,-0.0413,0,-0.1053,0.0401,0.9936,0,0,0.2098,0,1],"parentBoneIndex":5,"length":0.1012
,"animation":{"dataType":3,"framePerSecond":24,"keys":[
{"frame":1,"values":[0.9944,0.0133,0.1049,0,-0.009,0.9991,-0.0413,0,-0.1053,0.0401,0.9936,0,0,0.2098,0,1]},
{"frame":24,"values":[0.9944,0.0133,0.1049,0,-0.009,0.9991,-0.0413,0,-0.1053,0.0401,0.9936,0,0,0.2098,0,1]},
{"frame":30,"values":[0.9944,0.0133,0.1049,0,-0.009,0.9991,-0.0413,0,-0.1053,0.0401,0.9936,0,0,0.2098,0,1]},
{"frame":31,"values":[0.9944,0.0133,0.1049,0,-0.009,0.9991,-0.0413,0,-0.1053,0.0401,0.9936,0,0,0.2098,0,1]}],"loopBehavior":1,"name":"anim","property":"_matrix"}},
{"name":"upper_arm.R","index":7,"matrix":[0.2999,-0.2746,-0.9136,0,-0.2151,-0.9525,0.2157,0,-0.9294,0.1318,-0.3448,0,-0.189,0.1089,-0.0277,1],"rest":[0.0115,-0.1088,-0.994,0,-0.9894,-0.1453,0.0045,0,-0.1449,0.9834,-0.1093,0,-0.189,0.1089,-0.0277,1],"parentBoneIndex":3,"length":0.3216
,"animation":{"dataType":3,"framePerSecond":24,"keys":[
{"frame":1,"values":[0.2874,-0.4117,-0.8648,0,-0.2579,-0.9028,0.3441,0,-0.9224,0.1241,-0.3657,0,-0.189,0.1089,-0.0277,1]},
{"frame":2,"values":[0.2882,-0.406,-0.8672,0,-0.2556,-0.9054,0.3389,0,-0.9228,0.124,-0.3647,0,-0.189,0.1089,-0.0277,1]},
{"frame":3,"values":[0.2904,-0.3891,-0.8742,0,-0.2492,-0.9128,0.3235,0,-0.9239,0.1239,-0.362,0,-0.189,0.1089,-0.0277,1]},
{"frame":4,"values":[0.2934,-0.3615,-0.885,0,-0.2397,-0.924,0.2979,0,-0.9254,0.1247,-0.3578,0,-0.189,0.1089,-0.0277,1]},
{"frame":5,"values":[0.2968,-0.3233,-0.8986,0,-0.228,-0.9377,0.2621,0,-0.9273,0.1271,-0.352,0,-0.189,0.1089,-0.0277,1]},
{"frame":6,"values":[0.2999,-0.2746,-0.9136,0,-0.2151,-0.9525,0.2157,0,-0.9294,0.1318,-0.3448,0,-0.189,0.1089,-0.0277,1]},
{"frame":7,"values":[0.3025,-0.2157,-0.9284,0,-0.2018,-0.9665,0.1587,0,-0.9315,0.1394,-0.3359,0,-0.189,0.1089,-0.0277,1]},
{"frame":8,"values":[0.304,-0.1466,-0.9413,0,-0.1893,-0.9777,0.0911,0,-0.9337,0.1504,-0.325,0,-0.189,0.1089,-0.0277,1]},
{"frame":9,"values":[0.3046,-0.0687,-0.95,0,-0.18,-0.9836,0.0134,0,-0.9353,0.1669,-0.312,0,-0.189,0.1089,-0.0277,1]},
{"frame":10,"values":[0.3047,0.014,-0.9523,0,-0.1752,-0.982,-0.0705,0,-0.9362,0.1884,-0.2968,0,-0.189,0.1089,-0.0277,1]},
{"frame":11,"values":[0.3048,0.0964,-0.9475,0,-0.174,-0.9725,-0.1549,0,-0.9364,0.2121,-0.2796,0,-0.189,0.1089,-0.0277,1]},
{"frame":12,"values":[0.3051,0.1735,-0.9364,0,-0.1752,-0.9563,-0.2343,0,-0.9361,0.2356,-0.2614,0,-0.189,0.1089,-0.0277,1]},
{"frame":13,"values":[0.3058,0.2403,-0.9213,0,-0.1779,-0.9362,-0.3032,0,-0.9353,0.2566,-0.2435,0,-0.189,0.1089,-0.0277,1]},
{"frame":14,"values":[0.3066,0.2926,-0.9057,0,-0.1809,-0.9163,-0.3573,0,-0.9345,0.2734,-0.228,0,-0.189,0.1089,-0.0277,1]},
{"frame":15,"values":[0.3074,0.3266,-0.8938,0,-0.1835,-0.9013,-0.3924,0,-0.9337,0.2846,-0.2171,0,-0.189,0.1089,-0.0277,1]},
{"frame":16,"values":[0.3077,0.3387,-0.8891,0,-0.1845,-0.8955,-0.405,0,-0.9334,0.2887,-0.2131,0,-0.189,0.1089,-0.0277,1]},
{"frame":17,"values":[0.3077,0.3298,-0.8925,0,-0.1846,-0.8995,-0.3961,0,-0.9334,0.2866,-0.2159,0,-0.189,0.1089,-0.0277,1]},
{"frame":18,"values":[0.3076,0.3062,-0.9009,0,-0.1849,-0.9095,-0.3722,0,-0.9334,0.2811,-0.2231,0,-0.189,0.1089,-0.0277,1]},
{"frame":19,"values":[0.3074,0.2723,-0.9118,0,-0.1853,-0.9227,-0.338,0,-0.9334,0.2728,-0.2332,0,-0.189,0.1089,-0.0277,1]},
{"frame":20,"values":[0.3071,0.2329,-0.9227,0,-0.1857,-0.9363,-0.2982,0,-0.9334,0.263,-0.2443,0,-0.189,0.1089,-0.0277,1]},
{"frame":21,"values":[0.3068,0.1932,-0.9319,0,-0.1862,-0.9481,-0.2578,0,-0.9334,0.2526,-0.255,0,-0.189,0.1089,-0.0277,1]},
{"frame":22,"values":[0.3066,0.1582,-0.9386,0,-0.1865,-0.957,-0.2223,0,-0.9334,0.2432,-0.2639,0,-0.189,0.1089,-0.0277,1]},
{"frame":23,"values":[0.3064,0.1334,-0.9425,0,-0.1868,-0.9625,-0.1969,0,-0.9334,0.2364,-0.27,0,-0.189,0.1089,-0.0277,1]},
{"frame":24,"values":[0.3064,0.124,-0.9438,0,-0.1869,-0.9644,-0.1873,0,-0.9334,0.2338,-0.2723,0,-0.189,0.1089,-0.0277,1]},
{"frame":30,"values":[0.3064,0.124,-0.9438,0,-0.1869,-0.9644,-0.1873,0,-0.9334,0.2338,-0.2723,0,-0.189,0.1089,-0.0277,1]},
{"frame":31,"values":[0.3064,0.124,-0.9438,0,-0.1869,-0.9644,-0.1873,0,-0.9334,0.2338,-0.2723,0,-0.189,0.1089,-0.0277,1]}],"loopBehavior":1,"name":"anim","property":"_matrix"}},
{"name":"forearm.R","index":8,"matrix":[0.9938,0.1062,-0.0318,0,-0.1079,0.9925,-0.0566,0,0.0255,0.0597,0.9979,0,0,0.3216,0,1],"rest":[0.9999,-0.0111,0.0132,0,0.0109,0.9998,0.0165,0,-0.0134,-0.0164,0.9998,0,0,0.3216,0,1],"parentBoneIndex":7,"length":0.1986
,"animation":{"dataType":3,"framePerSecond":24,"keys":[
{"frame":1,"values":[0.9253,0.3632,-0.1096,0,-0.3725,0.9245,-0.0808,0,0.072,0.1156,0.9907,0,0,0.3216,0,1]},
{"frame":2,"values":[0.9323,0.3463,-0.1041,0,-0.3549,0.9315,-0.0799,0,0.0693,0.1114,0.9914,0,0,0.3216,0,1]},
{"frame":3,"values":[0.9491,0.302,-0.0899,0,-0.3089,0.948,-0.0769,0,0.062,0.1007,0.993,0,0,0.3216,0,1]},
{"frame":4,"values":[0.9682,0.2399,-0.0707,0,-0.2448,0.9669,-0.0717,0,0.0511,0.0867,0.9949,0,0,0.3216,0,1]},
{"frame":5,"values":[0.984,0.1707,-0.0501,0,-0.1737,0.9827,-0.0645,0,0.0382,0.0722,0.9967,0,0,0.3216,0,1]},
{"frame":6,"values":[0.9938,0.1062,-0.0318,0,-0.1079,0.9925,-0.0566,0,0.0255,0.0597,0.9979,0,0,0.3216,0,1]},
{"frame":7,"values":[0.9981,0.0587,-0.0187,0,-0.0596,0.997,-0.0502,0,0.0157,0.0512,0.9986,0,0,0.3216,0,1]},
{"frame":8,"values":[0.9991,0.0403,-0.0138,0,-0.0409,0.998,-0.0475,0,0.0118,0.048,0.9988,0,0,0.3216,0,1]},
{"frame":9,"values":[0.998,0.0612,-0.0181,0,-0.0621,0.9966,-0.0539,0,0.0148,0.0549,0.9984,0,0,0.3216,0,1]},
{"frame":10,"values":[0.9928,0.1161,-0.0303,0,-0.118,0.9905,-0.0705,0,0.0219,0.0735,0.9971,0,0,0.3216,0,1]},
{"frame":11,"values":[0.9799,0.1931,-0.0492,0,-0.197,0.976,-0.0928,0,0.0301,0.1006,0.9945,0,0,0.3216,0,1]},
{"frame":12,"values":[0.9573,0.2796,-0.073,0,-0.2866,0.951,-0.1164,0,0.0369,0.1324,0.9905,0,0,0.3216,0,1]},
{"frame":13,"values":[0.9266,0.3629,-0.0988,0,-0.3739,0.9172,-0.1376,0,0.0407,0.1645,0.9855,0,0,0.3216,0,1]},
{"frame":14,"values":[0.8934,0.4321,-0.1226,0,-0.4473,0.881,-0.154,0,0.0415,0.1924,0.9804,0,0,0.3216,0,1]},
{"frame":15,"values":[0.8667,0.4788,-0.14,0,-0.4972,0.852,-0.1642,0,0.0407,0.2119,0.9764,0,0,0.3216,0,1]},
{"frame":16,"values":[0.8559,0.4959,-0.1468,0,-0.5156,0.8403,-0.1678,0,0.0401,0.2193,0.9748,0,0,0.3216,0,1]},
{"frame":17,"values":[0.8598,0.4898,-0.1444,0,-0.5091,0.8445,-0.1665,0,0.0403,0.2167,0.9754,0,0,0.3216,0,1]},
{"frame":18,"values":[0.8698,0.4737,-0.1381,0,-0.4917,0.8553,-0.1631,0,0.0408,0.2098,0.9769,0,0,0.3216,0,1]},
{"frame":19,"values":[0.8834,0.4505,-0.1293,0,-0.4669,0.8701,-0.1581,0,0.0413,0.2,0.9789,0,0,0.3216,0,1]},
{"frame":20,"values":[0.8981,0.4233,-0.1194,0,-0.4379,0.8861,-0.152,0,0.0415,0.1888,0.9811,0,0,0.3216,0,1]},
{"frame":21,"values":[0.9118,0.3956,-0.1097,0,-0.4084,0.9011,-0.1455,0,0.0413,0.1775,0.9833,0,0,0.3216,0,1]},
{"frame":22,"values":[0.9231,0.371,-0.1014,0,-0.3824,0.9134,-0.1396,0,0.0409,0.1677,0.985,0,0,0.3216,0,1]},
{"frame":23,"values":[0.9306,0.3534,-0.0957,0,-0.3639,0.9216,-0.1353,0,0.0404,0.1607,0.9862,0,0,0.3216,0,1]},
{"frame":24,"values":[0.9333,0.3467,-0.0935,0,-0.3568,0.9246,-0.1336,0,0.0401,0.1581,0.9866,0,0,0.3216,0,1]},
{"frame":30,"values":[0.9333,0.3467,-0.0935,0,-0.3568,0.9246,-0.1336,0,0.0401,0.1581,0.9866,0,0,0.3216,0,1]},
{"frame":31,"values":[0.9333,0.3467,-0.0935,0,-0.3568,0.9246,-0.1336,0,0.0401,0.1581,0.9866,0,0,0.3216,0,1]}],"loopBehavior":1,"name":"anim","property":"_matrix"}},
{"name":"hand.R","index":9,"matrix":[0.9996,0.0177,-0.0236,0,-0.0183,0.9995,-0.0273,0,0.0231,0.0277,0.9993,0,0,0.1986,0,1],"rest":[0.9996,0.0177,-0.0236,0,-0.0183,0.9995,-0.0273,0,0.0231,0.0277,0.9994,0,0,0.1986,0,1],"parentBoneIndex":8,"length":0.0907
,"animation":{"dataType":3,"framePerSecond":24,"keys":[
{"frame":1,"values":[0.9996,0.0177,-0.0236,0,-0.0183,0.9995,-0.0273,0,0.0231,0.0277,0.9993,0,0,0.1986,0,1]},
{"frame":5,"values":[0.9996,0.0177,-0.0236,0,-0.0183,0.9995,-0.0273,0,0.0231,0.0277,0.9994,0,0,0.1986,0,1]},
{"frame":6,"values":[0.9996,0.0177,-0.0236,0,-0.0183,0.9995,-0.0273,0,0.0231,0.0277,0.9993,0,0,0.1986,0,1]},
{"frame":10,"values":[0.9996,0.0177,-0.0236,0,-0.0183,0.9995,-0.0273,0,0.0231,0.0277,0.9994,0,0,0.1986,0,1]},
{"frame":15,"values":[0.9996,0.0177,-0.0236,0,-0.0183,0.9995,-0.0273,0,0.0231,0.0277,0.9993,0,0,0.1986,0,1]},
{"frame":17,"values":[0.9996,0.0177,-0.0236,0,-0.0183,0.9995,-0.0273,0,0.0231,0.0277,0.9994,0,0,0.1986,0,1]},
{"frame":18,"values":[0.9996,0.0177,-0.0236,0,-0.0183,0.9995,-0.0273,0,0.0231,0.0277,0.9993,0,0,0.1986,0,1]},
{"frame":20,"values":[0.9996,0.0177,-0.0236,0,-0.0183,0.9995,-0.0273,0,0.0231,0.0277,0.9994,0,0,0.1986,0,1]},
{"frame":21,"values":[0.9996,0.0177,-0.0236,0,-0.0183,0.9995,-0.0273,0,0.0231,0.0277,0.9993,0,0,0.1986,0,1]},
{"frame":23,"values":[0.9996,0.0177,-0.0236,0,-0.0183,0.9995,-0.0273,0,0.0231,0.0277,0.9994,0,0,0.1986,0,1]},
{"frame":24,"values":[0.9996,0.0177,-0.0236,0,-0.0183,0.9995,-0.0273,0,0.0231,0.0277,0.9993,0,0,0.1986,0,1]},
{"frame":30,"values":[0.9996,0.0177,-0.0236,0,-0.0183,0.9995,-0.0273,0,0.0231,0.0277,0.9993,0,0,0.1986,0,1]},
{"frame":31,"values":[0.9996,0.0177,-0.0236,0,-0.0183,0.9995,-0.0273,0,0.0231,0.0277,0.9993,0,0,0.1986,0,1]}],"loopBehavior":1,"name":"anim","property":"_matrix"}},
{"name":"thigh.L","index":10,"matrix":[-0.018,0.2706,0.9624,0,0.075,-0.9596,0.2712,0,0.997,0.0771,-0.0029,0,0.0919,0.0364,-0.0021,1],"rest":[0.0185,-0.0216,0.9996,0,0.0829,-0.9963,-0.0231,0,0.9964,0.0832,-0.0166,0,0.0919,0.0364,-0.0021,1],"parentBoneIndex":0,"length":0.5293
,"animation":{"dataType":3,"framePerSecond":24,"keys":[
{"frame":1,"values":[-0.0276,0.4909,0.8707,0,0.1021,-0.8652,0.491,0,0.9944,0.1025,-0.0262,0,0.0919,0.0364,-0.0021,1]},
{"frame":2,"values":[-0.027,0.4828,0.8752,0,0.1009,-0.8698,0.483,0,0.9945,0.1014,-0.0251,0,0.0919,0.0364,-0.0021,1]},
{"frame":3,"values":[-0.0256,0.4587,0.8881,0,0.0975,-0.8831,0.4589,0,0.9949,0.0983,-0.022,0,0.0919,0.0364,-0.0021,1]},
{"frame":4,"values":[-0.0233,0.4161,0.9089,0,0.0919,-0.9045,0.4164,0,0.9955,0.0933,-0.0171,0,0.0919,0.0364,-0.0021,1]},
{"frame":5,"values":[-0.0206,0.353,0.9353,0,0.0842,-0.9316,0.3535,0,0.9962,0.0861,-0.0105,0,0.0919,0.0364,-0.0021,1]},
{"frame":6,"values":[-0.018,0.2706,0.9624,0,0.075,-0.9596,0.2712,0,0.997,0.0771,-0.0029,0,0.0919,0.0364,-0.0021,1]},
{"frame":7,"values":[-0.0163,0.175,0.9843,0,0.0653,-0.9823,0.1757,0,0.9977,0.0671,0.0047,0,0.0919,0.0364,-0.0021,1]},
{"frame":8,"values":[-0.0157,0.0805,0.9965,0,0.0572,-0.9951,0.0812,0,0.9982,0.0583,0.0111,0,0.0919,0.0364,-0.0021,1]},
{"frame":9,"values":[-0.0158,0.0031,0.9997,0,0.0526,-0.9986,0.0039,0,0.9985,0.0527,0.0158,0,0.0919,0.0364,-0.0021,1]},
{"frame":10,"values":[-0.0159,-0.0566,0.9981,0,0.0512,-0.9971,-0.0557,0,0.9986,0.0502,0.0189,0,0.0919,0.0364,-0.0021,1]},
{"frame":11,"values":[-0.0155,-0.1014,0.9946,0,0.0522,-0.9936,-0.1005,0,0.9985,0.0504,0.0208,0,0.0919,0.0364,-0.0021,1]},
{"frame":12,"values":[-0.0144,-0.1344,0.9907,0,0.0549,-0.9895,-0.1335,0,0.9984,0.0524,0.0217,0,0.0919,0.0364,-0.0021,1]},
{"frame":13,"values":[-0.0128,-0.1576,0.9873,0,0.0583,-0.9859,-0.1566,0,0.9982,0.0556,0.0219,0,0.0919,0.0364,-0.0021,1]},
{"frame":14,"values":[-0.0112,-0.1724,0.9848,0,0.0618,-0.9832,-0.1715,0,0.998,0.0589,0.0217,0,0.0919,0.0364,-0.0021,1]},
{"frame":15,"values":[-0.0101,-0.18,0.9835,0,0.0642,-0.9817,-0.1791,0,0.9979,0.0613,0.0216,0,0.0919,0.0364,-0.0021,1]},
{"frame":16,"values":[-0.0105,-0.182,0.9831,0,0.0644,-0.9814,-0.181,0,0.9979,0.0614,0.0221,0,0.0919,0.0364,-0.0021,1]},
{"frame":17,"values":[-0.0127,-0.1595,0.987,0,0.0636,-0.9853,-0.1585,0,0.9979,0.0607,0.0227,0,0.0919,0.0364,-0.0021,1]},
{"frame":18,"values":[-0.016,-0.1048,0.9942,0,0.0628,-0.9926,-0.1037,0,0.9979,0.0608,0.0226,0,0.0919,0.0364,-0.0021,1]},
{"frame":19,"values":[-0.0192,-0.0383,0.999,0,0.061,-0.9974,-0.0371,0,0.9979,0.0602,0.0216,0,0.0919,0.0364,-0.0021,1]},
{"frame":20,"values":[-0.0214,0.0214,0.9994,0,0.0576,-0.9981,0.0226,0,0.9981,0.058,0.0202,0,0.0919,0.0364,-0.0021,1]},
{"frame":21,"values":[-0.022,0.0592,0.9979,0,0.0524,-0.9968,0.0603,0,0.9984,0.0536,0.019,0,0.0919,0.0364,-0.0021,1]},
{"frame":22,"values":[-0.0213,0.0625,0.9977,0,0.0453,-0.997,0.0634,0,0.9987,0.0466,0.0185,0,0.0919,0.0364,-0.0021,1]},
{"frame":23,"values":[-0.0188,0.0089,0.9997,0,0.0353,-0.9993,0.0096,0,0.9992,0.0355,0.0186,0,0.0919,0.0364,-0.0021,1]},
{"frame":24,"values":[-0.0179,-0.0179,0.9996,0,0.0309,-0.9994,-0.0173,0,0.9994,0.0306,0.0186,0,0.0919,0.0364,-0.0021,1]},
{"frame":30,"values":[-0.0179,-0.0179,0.9996,0,0.0309,-0.9994,-0.0173,0,0.9994,0.0306,0.0186,0,0.0919,0.0364,-0.0021,1]},
{"frame":31,"values":[-0.0179,-0.0179,0.9996,0,0.0309,-0.9994,-0.0173,0,0.9994,0.0306,0.0186,0,0.0919,0.0364,-0.0021,1]}],"loopBehavior":1,"name":"anim","property":"_matrix"}},
{"name":"shin.L","index":11,"matrix":[0.917,0.3944,0.0603,0,-0.3923,0.9188,-0.0443,0,-0.0728,0.017,0.9972,0,0,0.5293,0,1],"rest":[0.9976,0.0049,0.0694,0,-0.0048,1,-0.0005,0,-0.0694,0.0002,0.9976,0,0,0.5293,0,1],"parentBoneIndex":10,"length":0.4305
,"animation":{"dataType":3,"framePerSecond":24,"keys":[
{"frame":1,"values":[0.9334,0.3534,0.0621,0,-0.3515,0.9353,-0.0397,0,-0.0721,0.0152,0.9973,0,0,0.5293,0,1]},
{"frame":2,"values":[0.9296,0.3632,0.0617,0,-0.3613,0.9316,-0.0408,0,-0.0723,0.0157,0.9973,0,0,0.5293,0,1]},
{"frame":3,"values":[0.9206,0.3857,0.0607,0,-0.3837,0.9225,-0.0434,0,-0.0727,0.0166,0.9972,0,0,0.5293,0,1]},
{"frame":4,"values":[0.912,0.4059,0.0597,0,-0.4038,0.9137,-0.0456,0,-0.0731,0.0175,0.9972,0,0,0.5293,0,1]},
{"frame":5,"values":[0.9098,0.4107,0.0595,0,-0.4086,0.9116,-0.0462,0,-0.0731,0.0177,0.9972,0,0,0.5293,0,1]},
{"frame":6,"values":[0.917,0.3944,0.0603,0,-0.3923,0.9188,-0.0443,0,-0.0728,0.017,0.9972,0,0,0.5293,0,1]},
{"frame":7,"values":[0.9308,0.3602,0.0618,0,-0.3583,0.9327,-0.0405,0,-0.0722,0.0155,0.9973,0,0,0.5293,0,1]},
{"frame":8,"values":[0.9429,0.3271,0.0632,0,-0.3254,0.9449,-0.0368,0,-0.0717,0.0141,0.9973,0,0,0.5293,0,1]},
{"frame":9,"values":[0.9457,0.3188,0.0635,0,-0.3171,0.9477,-0.0358,0,-0.0716,0.0137,0.9973,0,0,0.5293,0,1]},
{"frame":10,"values":[0.9412,0.3319,0.063,0,-0.3302,0.9432,-0.0373,0,-0.0718,0.0143,0.9973,0,0,0.5293,0,1]},
{"frame":11,"values":[0.931,0.3598,0.0618,0,-0.3579,0.9329,-0.0404,0,-0.0722,0.0155,0.9973,0,0,0.5293,0,1]},
{"frame":12,"values":[0.9169,0.3946,0.0603,0,-0.3925,0.9187,-0.0444,0,-0.0728,0.017,0.9972,0,0,0.5293,0,1]},
{"frame":13,"values":[0.9007,0.4304,0.0584,0,-0.4282,0.9024,-0.0484,0,-0.0735,0.0186,0.9971,0,0,0.5293,0,1]},
{"frame":14,"values":[0.885,0.4621,0.0566,0,-0.4597,0.8866,-0.0519,0,-0.0742,0.0199,0.997,0,0,0.5293,0,1]},
{"frame":15,"values":[0.8725,0.4854,0.0552,0,-0.4829,0.874,-0.0546,0,-0.0748,0.0209,0.997,0,0,0.5293,0,1]},
{"frame":16,"values":[0.8672,0.4949,0.0546,0,-0.4923,0.8686,-0.0556,0,-0.075,0.0213,0.997,0,0,0.5293,0,1]},
{"frame":17,"values":[0.8609,0.5059,0.0539,0,-0.5033,0.8623,-0.0569,0,-0.0753,0.0218,0.9969,0,0,0.5293,0,1]},
{"frame":18,"values":[0.8496,0.5247,0.0527,0,-0.5219,0.851,-0.059,0,-0.0757,0.0226,0.9969,0,0,0.5293,0,1]},
{"frame":19,"values":[0.8472,0.5287,0.0524,0,-0.5259,0.8485,-0.0594,0,-0.0758,0.0228,0.9969,0,0,0.5293,0,1]},
{"frame":20,"values":[0.8636,0.5013,0.0542,0,-0.4987,0.865,-0.0564,0,-0.0751,0.0216,0.9969,0,0,0.5293,0,1]},
{"frame":21,"values":[0.9003,0.4313,0.0584,0,-0.4291,0.902,-0.0485,0,-0.0736,0.0186,0.9971,0,0,0.5293,0,1]},
{"frame":22,"values":[0.9491,0.3084,0.0639,0,-0.3068,0.9512,-0.0347,0,-0.0715,0.0133,0.9974,0,0,0.5293,0,1]},
{"frame":23,"values":[0.9929,0.0965,0.0688,0,-0.096,0.9953,-0.0108,0,-0.0696,0.0042,0.9976,0,0,0.5293,0,1]},
{"frame":24,"values":[0.9976,0.0006,0.0694,0,-0.0006,1,-0.0001,0,-0.0694,0,0.9976,0,0,0.5293,0,1]},
{"frame":30,"values":[0.9976,0.0006,0.0694,0,-0.0006,1,-0.0001,0,-0.0694,0,0.9976,0,0,0.5293,0,1]},
{"frame":31,"values":[0.9976,0.0006,0.0694,0,-0.0006,1,-0.0001,0,-0.0694,0,0.9976,0,0,0.5293,0,1]}],"loopBehavior":1,"name":"anim","property":"_matrix"}},
{"name":"foot.L","index":12,"matrix":[-0.8836,0.3521,0.3087,0,0.0182,0.6845,-0.7288,0,-0.468,-0.6383,-0.6112,0,-0.0039,0.0039,0.1191,1],"rest":[-0.8835,0.3526,0.3082,0,0.0179,0.683,-0.7302,0,-0.468,-0.6396,-0.6098,0,-0.0039,0.0039,0.1194,1],"parentBoneIndex":18,"length":0.1078
,"animation":{"dataType":3,"framePerSecond":24,"keys":[
{"frame":1,"values":[-0.8836,0.3522,0.3087,0,0.0182,0.6845,-0.7288,0,-0.468,-0.6383,-0.6112,0,-0.0039,0.0039,0.1191,1]},
{"frame":2,"values":[-0.8836,0.3522,0.3087,0,0.0182,0.6844,-0.7289,0,-0.468,-0.6384,-0.6112,0,-0.0039,0.0039,0.1191,1]},
{"frame":3,"values":[-0.8836,0.3522,0.3087,0,0.0182,0.6845,-0.7288,0,-0.468,-0.6383,-0.6112,0,-0.0039,0.0039,0.1191,1]},
{"frame":4,"values":[-0.8836,0.3522,0.3087,0,0.0182,0.6844,-0.7288,0,-0.468,-0.6384,-0.6112,0,-0.0039,0.0039,0.1191,1]},
{"frame":6,"values":[-0.8836,0.3521,0.3087,0,0.0182,0.6845,-0.7288,0,-0.468,-0.6383,-0.6112,0,-0.0039,0.0039,0.1191,1]},
{"frame":7,"values":[-0.8836,0.3522,0.3087,0,0.0182,0.6844,-0.7289,0,-0.468,-0.6384,-0.6111,0,-0.0039,0.0039,0.1191,1]},
{"frame":8,"values":[-0.8836,0.3521,0.3087,0,0.0181,0.6844,-0.7288,0,-0.468,-0.6384,-0.6111,0,-0.0039,0.0039,0.1191,1]},
{"frame":9,"values":[-0.8836,0.3521,0.3087,0,0.0181,0.6845,-0.7288,0,-0.468,-0.6383,-0.6112,0,-0.0039,0.0039,0.1191,1]},
{"frame":10,"values":[-0.8836,0.3521,0.3087,0,0.0181,0.6845,-0.7288,0,-0.468,-0.6384,-0.6111,0,-0.0039,0.0039,0.1191,1]},
{"frame":11,"values":[-0.8836,0.3521,0.3087,0,0.0181,0.6844,-0.7289,0,-0.468,-0.6384,-0.6111,0,-0.0039,0.0039,0.1191,1]},
{"frame":12,"values":[-0.8836,0.3521,0.3088,0,0.0181,0.6845,-0.7288,0,-0.468,-0.6383,-0.6112,0,-0.0039,0.0039,0.1191,1]},
{"frame":13,"values":[-0.8836,0.3521,0.3087,0,0.0181,0.6845,-0.7288,0,-0.468,-0.6384,-0.6111,0,-0.0039,0.0039,0.1191,1]},
{"frame":14,"values":[-0.8836,0.3521,0.3087,0,0.0181,0.6844,-0.7288,0,-0.468,-0.6384,-0.6111,0,-0.0039,0.0039,0.1191,1]},
{"frame":15,"values":[-0.8836,0.3521,0.3088,0,0.0181,0.6845,-0.7288,0,-0.468,-0.6384,-0.6111,0,-0.0039,0.0039,0.1191,1]},
{"frame":16,"values":[-0.8836,0.3521,0.3088,0,0.0181,0.6845,-0.7288,0,-0.468,-0.6384,-0.6112,0,-0.0039,0.0039,0.1191,1]},
{"frame":17,"values":[-0.8836,0.3521,0.3088,0,0.0181,0.6845,-0.7287,0,-0.468,-0.6383,-0.6112,0,-0.0039,0.0039,0.1191,1]},
{"frame":18,"values":[-0.8836,0.3521,0.3087,0,0.0181,0.6845,-0.7288,0,-0.468,-0.6384,-0.6111,0,-0.0039,0.0039,0.1191,1]},
{"frame":19,"values":[-0.8836,0.3521,0.3087,0,0.0181,0.6845,-0.7288,0,-0.468,-0.6384,-0.6112,0,-0.0039,0.0039,0.1191,1]},
{"frame":20,"values":[-0.8836,0.3521,0.3088,0,0.0181,0.6845,-0.7288,0,-0.468,-0.6383,-0.6112,0,-0.0039,0.0039,0.1191,1]},
{"frame":21,"values":[-0.8836,0.3521,0.3087,0,0.0181,0.6845,-0.7288,0,-0.468,-0.6384,-0.6112,0,-0.0039,0.0039,0.1191,1]},
{"frame":23,"values":[-0.8836,0.3522,0.3087,0,0.0181,0.6844,-0.7289,0,-0.468,-0.6384,-0.6111,0,-0.0039,0.0039,0.1191,1]},
{"frame":24,"values":[-0.8834,0.3579,0.3025,0,0.0169,0.6695,-0.7426,0,-0.4683,-0.6509,-0.5975,0,-0.0039,0.0038,0.1225,1]},
{"frame":30,"values":[-0.8834,0.3579,0.3025,0,0.0169,0.6695,-0.7426,0,-0.4683,-0.6509,-0.5975,0,-0.0039,0.0038,0.1225,1]},
{"frame":31,"values":[-0.8834,0.3579,0.3025,0,0.0169,0.6695,-0.7426,0,-0.4683,-0.6509,-0.5975,0,-0.0039,0.0038,0.1225,1]}],"loopBehavior":1,"name":"anim","property":"_matrix"}},
{"name":"toe.L","index":13,"matrix":[0.2176,-0.6232,-0.7512,0,0.2942,0.7757,-0.5584,0,0.9307,-0.0995,0.3521,0,0,0.1078,0,1],"rest":[0.2171,-0.6249,-0.75,0,0.2947,0.7744,-0.5599,0,0.9306,-0.0995,0.3523,0,0,0.1078,0,1],"parentBoneIndex":12,"length":0.0893
,"animation":{"dataType":3,"framePerSecond":24,"keys":[
{"frame":1,"values":[0.2175,-0.6233,-0.7511,0,0.2942,0.7756,-0.5584,0,0.9307,-0.0995,0.3521,0,0,0.1078,0,1]},
{"frame":6,"values":[0.2176,-0.6232,-0.7512,0,0.2942,0.7757,-0.5584,0,0.9307,-0.0995,0.3521,0,0,0.1078,0,1]},
{"frame":7,"values":[0.2175,-0.6233,-0.7511,0,0.2942,0.7756,-0.5585,0,0.9307,-0.0995,0.3521,0,0,0.1078,0,1]},
{"frame":8,"values":[0.2176,-0.6233,-0.7511,0,0.2942,0.7756,-0.5585,0,0.9307,-0.0995,0.3521,0,0,0.1078,0,1]},
{"frame":9,"values":[0.2176,-0.6233,-0.7511,0,0.2941,0.7757,-0.5584,0,0.9307,-0.0994,0.3521,0,0,0.1078,0,1]},
{"frame":10,"values":[0.2176,-0.6233,-0.7511,0,0.2942,0.7756,-0.5585,0,0.9307,-0.0994,0.3521,0,0,0.1078,0,1]},
{"frame":12,"values":[0.2176,-0.6232,-0.7512,0,0.2941,0.7757,-0.5584,0,0.9307,-0.0994,0.3521,0,0,0.1078,0,1]},
{"frame":13,"values":[0.2176,-0.6233,-0.7511,0,0.2941,0.7756,-0.5585,0,0.9307,-0.0994,0.3521,0,0,0.1078,0,1]},
{"frame":16,"values":[0.2176,-0.6233,-0.7511,0,0.2941,0.7757,-0.5584,0,0.9307,-0.0994,0.3521,0,0,0.1078,0,1]},
{"frame":17,"values":[0.2176,-0.6232,-0.7512,0,0.2941,0.7757,-0.5584,0,0.9307,-0.0994,0.3521,0,0,0.1078,0,1]},
{"frame":18,"values":[0.2176,-0.6233,-0.7511,0,0.2941,0.7756,-0.5584,0,0.9307,-0.0994,0.3521,0,0,0.1078,0,1]},
{"frame":19,"values":[0.2176,-0.6233,-0.7511,0,0.2941,0.7757,-0.5584,0,0.9307,-0.0994,0.3521,0,0,0.1078,0,1]},
{"frame":20,"values":[0.2176,-0.6232,-0.7512,0,0.2941,0.7757,-0.5584,0,0.9307,-0.0994,0.3521,0,0,0.1078,0,1]},
{"frame":21,"values":[0.2176,-0.6233,-0.7511,0,0.2942,0.7756,-0.5584,0,0.9307,-0.0994,0.3521,0,0,0.1078,0,1]},
{"frame":22,"values":[0.2176,-0.6233,-0.7511,0,0.2942,0.7757,-0.5584,0,0.9307,-0.0995,0.3521,0,0,0.1078,0,1]},
{"frame":23,"values":[0.2175,-0.6234,-0.751,0,0.2942,0.7756,-0.5585,0,0.9307,-0.0995,0.3521,0,0,0.1078,0,1]},
{"frame":24,"values":[0.2122,-0.6389,-0.7394,0,0.3007,0.7626,-0.5727,0,0.9298,-0.1008,0.354,0,0,0.1078,0,1]},
{"frame":30,"values":[0.2122,-0.6389,-0.7394,0,0.3007,0.7626,-0.5727,0,0.9298,-0.1008,0.354,0,0,0.1078,0,1]},
{"frame":31,"values":[0.2122,-0.6389,-0.7394,0,0.3007,0.7626,-0.5727,0,0.9298,-0.1008,0.354,0,0,0.1078,0,1]}],"loopBehavior":1,"name":"anim","property":"_matrix"}},
{"name":"spine.004","index":14,"matrix":[0.9996,0.0267,-0.0044,0,-0.0145,0.6649,0.7468,0,0.0228,-0.7465,0.665,0,0,0.1855,0,1],"rest":[0.9996,0.0267,-0.0044,0,-0.0145,0.6649,0.7468,0,0.0228,-0.7465,0.665,0,0,0.1855,0,1],"parentBoneIndex":3,"length":0.0983
,"animation":{"dataType":3,"framePerSecond":24,"keys":[
{"frame":1,"values":[0.9996,0.0267,-0.0044,0,-0.0145,0.6649,0.7468,0,0.0228,-0.7465,0.665,0,0,0.1855,0,1]},
{"frame":24,"values":[0.9996,0.0267,-0.0044,0,-0.0145,0.6649,0.7468,0,0.0228,-0.7465,0.665,0,0,0.1855,0,1]},
{"frame":30,"values":[0.9996,0.0267,-0.0044,0,-0.0145,0.6649,0.7468,0,0.0228,-0.7465,0.665,0,0,0.1855,0,1]},
{"frame":31,"values":[0.9996,0.0267,-0.0044,0,-0.0145,0.6649,0.7468,0,0.0228,-0.7465,0.665,0,0,0.1855,0,1]}],"loopBehavior":1,"name":"anim","property":"_matrix"}},
{"name":"spine.005","index":15,"matrix":[0.9965,-0.028,0.0787,0,0.0404,0.9862,-0.1609,0,-0.0731,0.1635,0.9838,0,0,0.0983,0,1],"rest":[0.9965,-0.028,0.0787,0,0.0404,0.9862,-0.1609,0,-0.0731,0.1635,0.9838,0,0,0.0983,0,1],"parentBoneIndex":14,"length":0.0197
,"animation":{"dataType":3,"framePerSecond":24,"keys":[
{"frame":1,"values":[0.9965,-0.028,0.0787,0,0.0404,0.9862,-0.1609,0,-0.0731,0.1635,0.9838,0,0,0.0983,0,1]},
{"frame":24,"values":[0.9965,-0.028,0.0787,0,0.0404,0.9862,-0.1609,0,-0.0731,0.1635,0.9838,0,0,0.0983,0,1]},
{"frame":30,"values":[0.9965,-0.028,0.0787,0,0.0404,0.9862,-0.1609,0,-0.0731,0.1635,0.9838,0,0,0.0983,0,1]},
{"frame":31,"values":[0.9965,-0.028,0.0787,0,0.0404,0.9862,-0.1609,0,-0.0731,0.1635,0.9838,0,0,0.0983,0,1]}],"loopBehavior":1,"name":"anim","property":"_matrix"}},
{"name":"spine.006","index":16,"matrix":[0.9987,0.0216,-0.046,0,-0.0447,0.805,-0.5916,0,0.0243,0.5929,0.8049,0,0,0.0197,0,1],"rest":[0.9987,0.0216,-0.046,0,-0.0447,0.805,-0.5916,0,0.0243,0.5929,0.8049,0,0,0.0197,0,1],"parentBoneIndex":15,"length":0.1982
,"animation":{"dataType":3,"framePerSecond":24,"keys":[
{"frame":1,"values":[0.9987,0.0216,-0.046,0,-0.0447,0.805,-0.5916,0,0.0243,0.5929,0.8049,0,0,0.0197,0,1]},
{"frame":24,"values":[0.9987,0.0216,-0.046,0,-0.0447,0.805,-0.5916,0,0.0243,0.5929,0.8049,0,0,0.0197,0,1]},
{"frame":30,"values":[0.9987,0.0216,-0.046,0,-0.0447,0.805,-0.5916,0,0.0243,0.5929,0.8049,0,0,0.0197,0,1]},
{"frame":31,"values":[0.9987,0.0216,-0.046,0,-0.0447,0.805,-0.5916,0,0.0243,0.5929,0.8049,0,0,0.0197,0,1]}],"loopBehavior":1,"name":"anim","property":"_matrix"}},
{"name":"shin.L.001","index":17,"matrix":[0.9987,-0.0439,0.0243,0,0.0479,0.6883,-0.7238,0,0.0151,0.7241,0.6896,0,0,0.1078,0,1],"rest":[0.9987,-0.0439,0.0243,0,0.0479,0.6883,-0.7238,0,0.0151,0.7241,0.6896,0,0,0.1078,0,1],"parentBoneIndex":19,"length":0.1008
,"animation":{"dataType":3,"framePerSecond":24,"keys":[
{"frame":1,"values":[0.9987,-0.0439,0.0243,0,0.0479,0.6883,-0.7238,0,0.0151,0.7241,0.6896,0,0,0.1078,0,1]},
{"frame":24,"values":[0.9987,-0.0439,0.0243,0,0.0479,0.6883,-0.7238,0,0.0151,0.7241,0.6896,0,0,0.1078,0,1]},
{"frame":30,"values":[0.9987,-0.0439,0.0243,0,0.0479,0.6883,-0.7238,0,0.0151,0.7241,0.6896,0,0,0.1078,0,1]},
{"frame":31,"values":[0.9987,-0.0439,0.0243,0,0.0479,0.6883,-0.7238,0,0.0151,0.7241,0.6896,0,0,0.1078,0,1]}],"loopBehavior":1,"name":"anim","property":"_matrix"}},
{"name":"foot_handle.L","index":18,"matrix":[-0.5404,0,-0.0929,0,0.0929,0,-0.5404,0,0,0.5483,0,0,0.0769,0.0058,-0.0338,1],"rest":[-0.5404,0,-0.0929,0,0.0929,0,-0.5404,0,0,0.5483,0,0,0.0918,-0.0034,0.0158,1],"parentBoneIndex":-1,"length":0.1656
,"animation":{"dataType":3,"framePerSecond":24,"keys":[
{"frame":1,"values":[-0.5404,0,-0.0929,0,0.0929,0,-0.5404,0,0,0.5483,0,0,0.0918,0.0025,-0.1746,1]},
{"frame":2,"values":[-0.5404,0,-0.0929,0,0.0929,0,-0.5404,0,0,0.5483,0,0,0.0909,0.0027,-0.167,1]},
{"frame":3,"values":[-0.5404,0,-0.0929,0,0.0929,0,-0.5404,0,0,0.5483,0,0,0.0885,0.0033,-0.1462,1]},
{"frame":4,"values":[-0.5404,0,-0.0929,0,0.0929,0,-0.5404,0,0,0.5483,0,0,0.085,0.0041,-0.1151,1]},
{"frame":5,"values":[-0.5404,0,-0.0929,0,0.0929,0,-0.5404,0,0,0.5483,0,0,0.081,0.005,-0.0766,1]},
{"frame":6,"values":[-0.5404,0,-0.0929,0,0.0929,0,-0.5404,0,0,0.5483,0,0,0.0769,0.0058,-0.0338,1]},
{"frame":7,"values":[-0.5404,0,-0.0929,0,0.0929,0,-0.5404,0,0,0.5483,0,0,0.0731,0.0064,0.0104,1]},
{"frame":8,"values":[-0.5404,0,-0.0929,0,0.0929,0,-0.5404,0,0,0.5483,0,0,0.07,0.0066,0.0532,1]},
{"frame":9,"values":[-0.5404,0,-0.0929,0,0.0929,0,-0.5404,0,0,0.5483,0,0,0.0681,0.0062,0.0919,1]},
{"frame":10,"values":[-0.5404,0,-0.0929,0,0.0929,0,-0.5404,0,0,0.5483,0,0,0.0673,0.0051,0.1261,1]},
{"frame":11,"values":[-0.5404,0,-0.0929,0,0.0929,0,-0.5404,0,0,0.5483,0,0,0.0671,0.0036,0.1554,1]},
{"frame":12,"values":[-0.5404,0,-0.0929,0,0.0929,0,-0.5404,0,0,0.5483,0,0,0.0676,0.0019,0.1798,1]},
{"frame":13,"values":[-0.5404,0,-0.0929,0,0.0929,0,-0.5404,0,0,0.5483,0,0,0.0683,0.0002,0.1991,1]},
{"frame":14,"values":[-0.5404,0,-0.0929,0,0.0929,0,-0.5404,0,0,0.5483,0,0,0.0691,-0.0013,0.213,1]},
{"frame":15,"values":[-0.5404,0,-0.0929,0,0.0929,0,-0.5404,0,0,0.5483,0,0,0.0698,-0.0023,0.2215,1]},
{"frame":16,"values":[-0.5404,0,-0.0929,0,0.0929,0,-0.5404,0,0,0.5483,0,0,0.07,-0.0027,0.2244,1]},
{"frame":17,"values":[-0.5404,0,-0.0929,0,0.0929,0,-0.5404,0,0,0.5483,0,0,0.07,-0.0026,0.2159,1]},
{"frame":18,"values":[-0.5404,0,-0.0929,0,0.0929,0,-0.5404,0,0,0.5483,0,0,0.07,-0.0024,0.1936,1]},
{"frame":19,"values":[-0.5404,0,-0.0929,0,0.0929,0,-0.5404,0,0,0.5483,0,0,0.07,-0.0021,0.162,1]},
{"frame":20,"values":[-0.5404,0,-0.0929,0,0.0929,0,-0.5404,0,0,0.5483,0,0,0.07,-0.0018,0.1258,1]},
{"frame":21,"values":[-0.5404,0,-0.0929,0,0.0929,0,-0.5404,0,0,0.5483,0,0,0.07,-0.0014,0.0896,1]},
{"frame":22,"values":[-0.5404,0,-0.0929,0,0.0929,0,-0.5404,0,0,0.5483,0,0,0.07,-0.0011,0.058,1]},
{"frame":23,"values":[-0.5404,0,-0.0929,0,0.0929,0,-0.5404,0,0,0.5483,0,0,0.07,-0.0009,0.0356,1]},
{"frame":24,"values":[-0.5404,0,-0.0929,0,0.0929,0,-0.5404,0,0,0.5483,0,0,0.07,-0.0009,0.0271,1]},
{"frame":30,"values":[-0.5404,0,-0.0929,0,0.0929,0,-0.5404,0,0,0.5483,0,0,0.07,-0.0009,0.0271,1]},
{"frame":31,"values":[-0.5404,0,-0.0929,0,0.0929,0,-0.5404,0,0,0.5483,0,0,0.07,-0.0009,0.0271,1]}],"loopBehavior":1,"name":"anim","property":"_matrix"}},
