{"producer":{"name":"Blender","version":"2.81 (sub 16)","exporter_version":"6.2.3","file":"bicycle_1.babylon"},
"autoClear":true,"clearColor":[0.0509,0.0509,0.0509],"gravity":[0,-9.81,0],
"materials":[],
"multiMaterials":[],
"skeletons":[{"name":"Armature","id":0,"dimensionsAtRest":[0.118,1.3488,0.7036],"bones":[
{"name":"main","index":0,"matrix":[1,0,0,0,0,1,0,0,0,0,-1,0,0.0013,0.4156,0.1349,1],"rest":[1,0,0,0,0,1,0,0,0,0,-1,0,0.0013,0.4156,0.1349,1],"parentBoneIndex":-1,"length":0.1681
,"animation":{"dataType":3,"framePerSecond":24,"keys":[
{"frame":0,"values":[1,0,0,0,0,1,0,0,0,0,-1,0,0.0013,0.4156,0.1349,1]},
{"frame":1,"values":[1,0,0,0,0,1,0,0,0,0,-1,0,0.0013,0.4156,0.1349,1]},
{"frame":10,"values":[1,0,0,0,0,1,0,0,0,0,-1,0,0.0013,0.4156,0.1349,1]},
{"frame":50,"values":[1,0,0,0,0,1,0,0,0,0,-1,0,0.0013,0.4156,0.1349,1]},
{"frame":60,"values":[1,0,0,0,0,1,0,0,0,0,-1,0,0.0013,0.4156,0.1349,1]},
{"frame":100,"values":[1,0,0,0,0,1,0,0,0,0,-1,0,0.0013,0.4156,0.1349,1]}],"loopBehavior":1,"name":"anim","property":"_matrix"}},
{"name":"pedal.R","index":1,"matrix":[0.9999,0.0039,0.0004,0,0.0039,-1,0.0053,0,0,-0.0053,-0.9998,0,-0.0573,-0.0068,0.0085,1],"rest":[1,0.0039,0,0,0.0039,-1,0.0053,0,0,-0.0053,-1,0,-0.0573,-0.0068,0.0085,1],"parentBoneIndex":0,"length":0.3154
,"animation":{"dataType":3,"framePerSecond":24,"keys":[
{"frame":0,"values":[0.9999,0.0039,0.0004,0,0.0039,-1,0.0053,0,0,-0.0053,-0.9998,0,-0.0573,-0.0068,0.0085,1]},
{"frame":1,"values":[0.9999,0.0039,0.0004,0,0.0039,-1,0.0053,0,0,-0.0053,-0.9998,0,-0.0573,-0.0068,0.0085,1]},
{"frame":10,"values":[0.9999,0.0039,0.0004,0,0.0039,-1,0.0053,0,0,-0.0053,-0.9998,0,-0.0573,-0.0068,0.0085,1]},
{"frame":11,"values":[0.9999,0.0039,0.0005,0,0.0039,-0.9998,-0.0209,0,0,0.0209,-0.9995,0,-0.0573,-0.0068,0.0085,1]},
{"frame":12,"values":[0.9999,0.0039,0.0007,0,0.0039,-0.9955,-0.0949,0,0,0.0949,-0.9953,0,-0.0573,-0.0068,0.0085,1]},
{"frame":13,"values":[0.9999,0.0038,0.0012,0,0.0039,-0.9778,-0.2094,0,0,0.2095,-0.9776,0,-0.0573,-0.0068,0.0085,1]},
{"frame":14,"values":[0.9999,0.0036,0.0017,0,0.0038,-0.9349,-0.3549,0,0,0.355,-0.9346,0,-0.0573,-0.0068,0.0085,1]},
{"frame":15,"values":[0.9999,0.0033,0.0023,0,0.0038,-0.8558,-0.5171,0,0,0.5172,-0.8557,0,-0.0573,-0.0068,0.0085,1]},
{"frame":16,"values":[0.9999,0.0028,0.0029,0,0.0037,-0.7354,-0.6774,0,0,0.6776,-0.7352,0,-0.0573,-0.0068,0.0085,1]},
{"frame":17,"values":[0.9999,0.0022,0.0033,0,0.0037,-0.5768,-0.8167,0,0,0.8169,-0.5767,0,-0.0573,-0.0068,0.0085,1]},
{"frame":18,"values":[0.9999,0.0014,0.0037,0,0.0036,-0.3917,-0.9199,0,0,0.9201,-0.3916,0,-0.0573,-0.0068,0.0085,1]},
{"frame":19,"values":[0.9999,0.0007,0.0039,0,0.0036,-0.1961,-0.9803,0,0,0.9806,-0.1961,0,-0.0573,-0.0068,0.0085,1]},
{"frame":20,"values":[0.9999,0,0.0039,0,0.0036,-0.0053,-0.9997,0,0,1,-0.0053,0,-0.0573,-0.0068,0.0085,1]},
{"frame":21,"values":[0.9999,-0.0007,0.0038,0,0.0035,0.171,-0.985,0,0.0001,0.9853,0.171,0,-0.0573,-0.0068,0.0085,1]},
{"frame":22,"values":[0.9999,-0.0013,0.0036,0,0.0035,0.3309,-0.9434,0,0.0001,0.9436,0.3309,0,-0.0573,-0.0068,0.0085,1]},
{"frame":23,"values":[0.9999,-0.0018,0.0034,0,0.0035,0.4749,-0.8798,0,0.0001,0.88,0.4748,0,-0.0573,-0.0068,0.0085,1]},
{"frame":24,"values":[0.9999,-0.0022,0.003,0,0.0035,0.6034,-0.7972,0,0.0002,0.7974,0.6033,0,-0.0573,-0.0068,0.0085,1]},
{"frame":25,"values":[0.9999,-0.0026,0.0026,0,0.0035,0.7163,-0.6976,0,0.0002,0.6978,0.7161,0,-0.0573,-0.0068,0.0085,1]},
{"frame":26,"values":[0.9999,-0.003,0.0022,0,0.0035,0.8128,-0.5824,0,0.0002,0.5825,0.8126,0,-0.0573,-0.0068,0.0085,1]},
{"frame":27,"values":[0.9999,-0.0033,0.0017,0,0.0035,0.8914,-0.4531,0,0.0003,0.4532,0.8912,0,-0.0573,-0.0068,0.0085,1]},
{"frame":28,"values":[0.9999,-0.0034,0.0011,0,0.0035,0.9502,-0.3116,0,0.0003,0.3117,0.95,0,-0.0573,-0.0068,0.0085,1]},
{"frame":29,"values":[0.9999,-0.0035,0.0006,0,0.0035,0.9869,-0.161,0,0.0003,0.161,0.9867,0,-0.0573,-0.0068,0.0085,1]},
{"frame":30,"values":[0.9999,-0.0036,0,0,0.0036,1,-0.0053,0,0.0004,0.0053,0.9998,0,-0.0573,-0.0068,0.0085,1]},
{"frame":31,"values":[0.9999,-0.0035,-0.0006,0,0.0036,0.9886,0.1506,0,0.0004,-0.1506,0.9884,0,-0.0573,-0.0068,0.0085,1]},
{"frame":32,"values":[0.9999,-0.0033,-0.0011,0,0.0036,0.9534,0.3016,0,0.0004,-0.3017,0.9532,0,-0.0573,-0.0068,0.0085,1]},
{"frame":33,"values":[0.9999,-0.0031,-0.0017,0,0.0037,0.8961,0.4437,0,0.0004,-0.4438,0.8959,0,-0.0573,-0.0068,0.0085,1]},
{"frame":34,"values":[0.9999,-0.0028,-0.0021,0,0.0037,0.8189,0.5738,0,0.0004,-0.574,0.8187,0,-0.0573,-0.0068,0.0085,1]},
{"frame":35,"values":[0.9999,-0.0024,-0.0026,0,0.0037,0.7236,0.6901,0,0.0004,-0.6902,0.7234,0,-0.0573,-0.0068,0.0085,1]},
{"frame":36,"values":[0.9999,-0.002,-0.0029,0,0.0038,0.6118,0.7908,0,0.0004,-0.791,0.6116,0,-0.0573,-0.0068,0.0085,1]},
{"frame":37,"values":[0.9999,-0.0015,-0.0032,0,0.0038,0.4842,0.8748,0,0.0004,-0.875,0.4841,0,-0.0573,-0.0068,0.0085,1]},
{"frame":38,"values":[0.9999,-0.0009,-0.0034,0,0.0038,0.3408,0.9399,0,0.0004,-0.9401,0.3408,0,-0.0573,-0.0068,0.0085,1]},
{"frame":39,"values":[0.9999,-0.0003,-0.0035,0,0.0039,0.1814,0.9832,0,0.0004,-0.9834,0.1813,0,-0.0573,-0.0068,0.0085,1]},
{"frame":40,"values":[0.9999,0.0004,-0.0036,0,0.0039,0.0053,0.9997,0,0.0004,-1,0.0053,0,-0.0573,-0.0068,0.0085,1]},
{"frame":41,"values":[0.9999,0.0011,-0.0035,0,0.0039,-0.1858,0.9824,0,0.0003,-0.9826,-0.1857,0,-0.0573,-0.0068,0.0085,1]},
{"frame":42,"values":[0.9999,0.0018,-0.0032,0,0.004,-0.382,0.9239,0,0.0003,-0.9242,-0.3819,0,-0.0573,-0.0068,0.0085,1]},
{"frame":43,"values":[0.9999,0.0025,-0.0028,0,0.004,-0.5682,0.8227,0,0.0002,-0.8229,-0.5681,0,-0.0573,-0.0068,0.0085,1]},
{"frame":44,"values":[0.9999,0.003,-0.0022,0,0.004,-0.7282,0.6851,0,0.0002,-0.6853,-0.7281,0,-0.0573,-0.0068,0.0085,1]},
{"frame":45,"values":[0.9999,0.0035,-0.0016,0,0.004,-0.8504,0.5261,0,0.0001,-0.5262,-0.8502,0,-0.0573,-0.0068,0.0085,1]},
{"frame":46,"values":[0.9999,0.0037,-0.001,0,0.004,-0.9311,0.3647,0,0.0001,-0.3648,-0.9309,0,-0.0573,-0.0068,0.0085,1]},
{"frame":47,"values":[0.9999,0.0039,-0.0004,0,0.0039,-0.9756,0.2197,0,0.0001,-0.2197,-0.9753,0,-0.0573,-0.0068,0.0085,1]},
{"frame":48,"values":[0.9999,0.0039,0,0,0.0039,-0.9944,0.1053,0,0.0001,-0.1053,-0.9942,0,-0.0573,-0.0068,0.0085,1]},
{"frame":49,"values":[0.9999,0.0039,0.0003,0,0.0039,-0.9995,0.0314,0,0,-0.0314,-0.9993,0,-0.0573,-0.0068,0.0085,1]},
{"frame":50,"values":[0.9999,0.0039,0.0004,0,0.0039,-1,0.0053,0,0,-0.0053,-0.9998,0,-0.0573,-0.0068,0.0085,1]},
{"frame":60,"values":[0.9999,0.0039,0.0004,0,0.0039,-1,0.0053,0,0,-0.0053,-0.9998,0,-0.0573,-0.0068,0.0085,1]},
{"frame":100,"values":[0.9999,0.0039,0.0004,0,0.0039,-1,0.0053,0,0,-0.0053,-0.9998,0,-0.0573,-0.0068,0.0085,1]}],"loopBehavior":1,"name":"anim","property":"_matrix"}},
{"name":"pedal.L","index":2,"matrix":[-0.9997,0.0262,0.0009,0,0.0262,0.9991,0.0347,0,0,0.0347,-0.9994,0,0.0523,-0.0002,0.0075,1],"rest":[-0.9997,0.0262,0,0,0.0262,0.9997,0,0,0,0,-1,0,0.0523,-0.0002,0.0075,1],"parentBoneIndex":0,"length":0.323
,"animation":{"dataType":3,"framePerSecond":24,"keys":[
{"frame":0,"values":[-0.9997,0.0262,0.0009,0,0.0262,0.9991,0.0347,0,0,0.0347,-0.9994,0,0.0523,-0.0002,0.0075,1]},
{"frame":1,"values":[-0.9997,0.0262,0.0009,0,0.0262,0.9991,0.0347,0,0,0.0347,-0.9994,0,0.0523,-0.0002,0.0075,1]},
{"frame":10,"values":[-0.9997,0.0262,0.0009,0,0.0262,0.9991,0.0347,0,0,0.0347,-0.9994,0,0.0523,-0.0002,0.0075,1]},
{"frame":11,"values":[-0.9997,0.0262,0.0016,0,0.0262,0.9978,0.0609,0,0,0.0609,-0.9981,0,0.0523,-0.0002,0.0075,1]},
{"frame":12,"values":[-0.9997,0.026,0.0035,0,0.0262,0.9905,0.1348,0,0,0.1348,-0.9909,0,0.0523,-0.0002,0.0075,1]},
{"frame":13,"values":[-0.9997,0.0254,0.0065,0,0.0262,0.9682,0.2487,0,0,0.2488,-0.9686,0,0.0523,-0.0002,0.0075,1]},
{"frame":14,"values":[-0.9997,0.0241,0.0103,0,0.0262,0.9193,0.3926,0,0,0.3927,-0.9197,0,0.0523,-0.0002,0.0075,1]},
{"frame":15,"values":[-0.9997,0.0219,0.0145,0,0.0262,0.8337,0.5515,0,0,0.5517,-0.834,0,0.0523,-0.0002,0.0075,1]},
{"frame":16,"values":[-0.9997,0.0185,0.0185,0,0.0262,0.7068,0.7069,0,0,0.7071,-0.7071,0,0.0523,-0.0002,0.0075,1]},
{"frame":17,"values":[-0.9997,0.0142,0.022,0,0.0262,0.5428,0.8395,0,0,0.8398,-0.5429,0,0.0523,-0.0002,0.0075,1]},
{"frame":18,"values":[-0.9997,0.0093,0.0245,0,0.0262,0.3538,0.935,0,0,0.9353,-0.3539,0,0.0523,-0.0002,0.0075,1]},
{"frame":19,"values":[-0.9997,0.0041,0.0259,0,0.0262,0.1563,0.9874,0,0,0.9877,-0.1563,0,0.0523,-0.0002,0.0075,1]},
{"frame":20,"values":[-0.9997,-0.0009,0.0262,0,0.0262,-0.0347,0.9991,0,0,0.9994,0.0347,0,0.0523,-0.0002,0.0075,1]},
{"frame":21,"values":[-0.9997,-0.0055,0.0256,0,0.0262,-0.2097,0.9774,0,0,0.9777,0.2098,0,0.0523,-0.0002,0.0075,1]},
{"frame":22,"values":[-0.9997,-0.0096,0.0244,0,0.0262,-0.3674,0.9297,0,0,0.93,0.3675,0,0.0523,-0.0002,0.0075,1]},
{"frame":23,"values":[-0.9997,-0.0133,0.0226,0,0.0262,-0.5084,0.8607,0,0,0.861,0.5086,0,0.0523,-0.0002,0.0075,1]},
{"frame":24,"values":[-0.9997,-0.0166,0.0203,0,0.0262,-0.6334,0.7733,0,0,0.7736,0.6337,0,0.0523,-0.0002,0.0075,1]},
{"frame":25,"values":[-0.9997,-0.0195,0.0176,0,0.0262,-0.7424,0.6695,0,0,0.6697,0.7426,0,0.0523,-0.0002,0.0075,1]},
{"frame":26,"values":[-0.9997,-0.0219,0.0144,0,0.0262,-0.8344,0.5505,0,0,0.5507,0.8347,0,0.0523,-0.0002,0.0075,1]},
{"frame":27,"values":[-0.9997,-0.0238,0.011,0,0.0262,-0.9081,0.4179,0,0,0.418,0.9084,0,0.0523,-0.0002,0.0075,1]},
{"frame":28,"values":[-0.9997,-0.0252,0.0072,0,0.0262,-0.9614,0.2738,0,0,0.2739,0.9617,0,0.0523,-0.0002,0.0075,1]},
{"frame":29,"values":[-0.9997,-0.026,0.0032,0,0.0262,-0.9922,0.1215,0,0,0.1216,0.9926,0,0.0523,-0.0002,0.0075,1]},
{"frame":30,"values":[-0.9997,-0.0262,-0.0009,0,0.0262,-0.9991,-0.0347,0,0,-0.0347,0.9994,0,0.0523,-0.0002,0.0075,1]},
{"frame":31,"values":[-0.9997,-0.0257,-0.005,0,0.0262,-0.9815,-0.1898,0,0,-0.1898,0.9818,0,0.0523,-0.0002,0.0075,1]},
{"frame":32,"values":[-0.9997,-0.0247,-0.0089,0,0.0262,-0.9405,-0.3388,0,0,-0.339,0.9408,0,0.0523,-0.0002,0.0075,1]},
{"frame":33,"values":[-0.9997,-0.023,-0.0125,0,0.0262,-0.8779,-0.4781,0,0,-0.4783,0.8782,0,0.0523,-0.0002,0.0075,1]},
{"frame":34,"values":[-0.9997,-0.0209,-0.0159,0,0.0262,-0.7959,-0.6049,0,0,-0.6051,0.7961,0,0.0523,-0.0002,0.0075,1]},
{"frame":35,"values":[-0.9997,-0.0183,-0.0188,0,0.0262,-0.6964,-0.7172,0,0,-0.7175,0.6966,0,0.0523,-0.0002,0.0075,1]},
{"frame":36,"values":[-0.9997,-0.0152,-0.0213,0,0.0262,-0.5808,-0.8137,0,0,-0.8139,0.581,0,0.0523,-0.0002,0.0075,1]},
{"frame":37,"values":[-0.9997,-0.0118,-0.0234,0,0.0262,-0.4499,-0.8927,0,0,-0.893,0.45,0,0.0523,-0.0002,0.0075,1]},
{"frame":38,"values":[-0.9997,-0.008,-0.025,0,0.0262,-0.3038,-0.9524,0,0,-0.9527,0.304,0,0.0523,-0.0002,0.0075,1]},
{"frame":39,"values":[-0.9997,-0.0037,-0.026,0,0.0262,-0.1424,-0.9895,0,0,-0.9898,0.1424,0,0.0523,-0.0002,0.0075,1]},
{"frame":40,"values":[-0.9997,0.0009,-0.0262,0,0.0262,0.0347,-0.9991,0,0,-0.9994,-0.0347,0,0.0523,-0.0002,0.0075,1]},
{"frame":41,"values":[-0.9997,0.0059,-0.0255,0,0.0262,0.2253,-0.9739,0,0,-0.9743,-0.2254,0,0.0523,-0.0002,0.0075,1]},
{"frame":42,"values":[-0.9997,0.011,-0.0238,0,0.0262,0.4192,-0.9075,0,0,-0.9078,-0.4193,0,0.0523,-0.0002,0.0075,1]},
{"frame":43,"values":[-0.9997,0.0158,-0.021,0,0.0262,0.6012,-0.7987,0,0,-0.7989,-0.6014,0,0.0523,-0.0002,0.0075,1]},
{"frame":44,"values":[-0.9997,0.0198,-0.0172,0,0.0262,0.7554,-0.6547,0,0,-0.6549,-0.7557,0,0.0523,-0.0002,0.0075,1]},
{"frame":45,"values":[-0.9997,0.0228,-0.0129,0,0.0262,0.8708,-0.4909,0,0,-0.491,-0.8711,0,0.0523,-0.0002,0.0075,1]},
{"frame":46,"values":[-0.9997,0.0248,-0.0086,0,0.0262,0.9448,-0.3266,0,0,-0.3267,-0.9451,0,0.0523,-0.0002,0.0075,1]},
{"frame":47,"values":[-0.9997,0.0258,-0.0047,0,0.0262,0.9833,-0.1801,0,0,-0.1801,-0.9836,0,0.0523,-0.0002,0.0075,1]},
{"frame":48,"values":[-0.9997,0.0262,-0.0017,0,0.0262,0.9975,-0.0652,0,0,-0.0653,-0.9979,0,0.0523,-0.0002,0.0075,1]},
{"frame":49,"values":[-0.9997,0.0262,0.0002,0,0.0262,0.9996,0.0086,0,0,0.0086,-1,0,0.0523,-0.0002,0.0075,1]},
{"frame":50,"values":[-0.9997,0.0262,0.0009,0,0.0262,0.9991,0.0347,0,0,0.0347,-0.9994,0,0.0523,-0.0002,0.0075,1]},
{"frame":60,"values":[-0.9997,0.0262,0.0009,0,0.0262,0.9991,0.0347,0,0,0.0347,-0.9994,0,0.0523,-0.0002,0.0075,1]},
{"frame":100,"values":[-0.9997,0.0262,0.0009,0,0.0262,0.9991,0.0347,0,0,0.0347,-0.9994,0,0.0523,-0.0002,0.0075,1]}],"loopBehavior":1,"name":"anim","property":"_matrix"}},
{"name":"steering_wheel","index":3,"matrix":[-0.4095,0.0451,0.9112,0,0.0071,0.9989,-0.0462,0,-0.9123,-0.0124,-0.4094,0,-0.0167,0.0928,0.7036,1],"rest":[-0.4095,0.0451,0.9112,0,0.0071,0.9989,-0.0462,0,-0.9123,-0.0124,-0.4094,0,-0.0167,0.0928,0.7036,1],"parentBoneIndex":0,"length":0.9348
,"animation":{"dataType":3,"framePerSecond":24,"keys":[
{"frame":0,"values":[-0.4095,0.0451,0.9112,0,0.0071,0.9989,-0.0462,0,-0.9123,-0.0124,-0.4094,0,-0.0167,0.0928,0.7036,1]},
{"frame":1,"values":[-0.4095,0.0451,0.9112,0,0.0071,0.9989,-0.0462,0,-0.9123,-0.0124,-0.4094,0,-0.0167,0.0928,0.7036,1]},
{"frame":10,"values":[-0.4095,0.0451,0.9112,0,0.0071,0.9989,-0.0462,0,-0.9123,-0.0124,-0.4094,0,-0.0167,0.0928,0.7036,1]},
{"frame":50,"values":[-0.4095,0.0451,0.9112,0,0.0071,0.9989,-0.0462,0,-0.9123,-0.0124,-0.4094,0,-0.0167,0.0928,0.7036,1]},
{"frame":60,"values":[-0.4095,0.0451,0.9112,0,0.0071,0.9989,-0.0462,0,-0.9123,-0.0124,-0.4094,0,-0.0167,0.0928,0.7036,1]},
{"frame":61,"values":[-0.4114,0.0451,0.9103,0,0.0072,0.9989,-0.0462,0,-0.9114,-0.0124,-0.4113,0,-0.0167,0.0928,0.7036,1]},
{"frame":62,"values":[-0.417,0.0451,0.9078,0,0.0075,0.9989,-0.0462,0,-0.9089,-0.0124,-0.4168,0,-0.0167,0.0928,0.7036,1]},
{"frame":63,"values":[-0.426,0.0451,0.9036,0,0.008,0.9989,-0.0461,0,-0.9047,-0.0124,-0.4259,0,-0.0167,0.0928,0.7036,1]},
{"frame":64,"values":[-0.4383,0.0451,0.8977,0,0.0086,0.9989,-0.046,0,-0.8988,-0.0124,-0.4382,0,-0.0167,0.0928,0.7036,1]},
{"frame":65,"values":[-0.4536,0.0451,0.8901,0,0.0094,0.9989,-0.0458,0,-0.8912,-0.0124,-0.4535,0,-0.0167,0.0928,0.7036,1]},
{"frame":66,"values":[-0.4717,0.0451,0.8806,0,0.0103,0.9989,-0.0456,0,-0.8817,-0.0124,-0.4717,0,-0.0167,0.0928,0.7036,1]},
{"frame":67,"values":[-0.4924,0.0451,0.8692,0,0.0114,0.9989,-0.0454,0,-0.8703,-0.0124,-0.4924,0,-0.0167,0.0928,0.7036,1]},
{"frame":68,"values":[-0.5154,0.0451,0.8558,0,0.0126,0.9989,-0.045,0,-0.8569,-0.0124,-0.5154,0,-0.0167,0.0928,0.7036,1]},
{"frame":69,"values":[-0.5403,0.0451,0.8402,0,0.0139,0.9989,-0.0446,0,-0.8413,-0.0124,-0.5404,0,-0.0167,0.0928,0.7036,1]},
{"frame":70,"values":[-0.567,0.0451,0.8225,0,0.0153,0.9989,-0.0442,0,-0.8235,-0.0124,-0.5671,0,-0.0167,0.0928,0.7036,1]},
{"frame":71,"values":[-0.5951,0.0451,0.8024,0,0.0169,0.9989,-0.0436,0,-0.8035,-0.0124,-0.5952,0,-0.0167,0.0928,0.7036,1]},
{"frame":72,"values":[-0.6243,0.0451,0.7799,0,0.0184,0.9989,-0.043,0,-0.781,-0.0124,-0.6244,0,-0.0167,0.0928,0.7036,1]},
{"frame":73,"values":[-0.6541,0.0451,0.7551,0,0.0201,0.9989,-0.0422,0,-0.7561,-0.0124,-0.6543,0,-0.0167,0.0928,0.7036,1]},
{"frame":74,"values":[-0.6843,0.0451,0.7278,0,0.0218,0.9989,-0.0414,0,-0.7289,-0.0124,-0.6845,0,-0.0167,0.0928,0.7036,1]},
{"frame":75,"values":[-0.7145,0.0451,0.6982,0,0.0235,0.9989,-0.0404,0,-0.6993,-0.0124,-0.7148,0,-0.0167,0.0928,0.7036,1]},
{"frame":76,"values":[-0.7443,0.0451,0.6663,0,0.0253,0.9989,-0.0393,0,-0.6674,-0.0124,-0.7446,0,-0.0167,0.0928,0.7036,1]},
{"frame":77,"values":[-0.7734,0.0451,0.6324,0,0.027,0.9989,-0.0382,0,-0.6334,-0.0124,-0.7737,0,-0.0167,0.0928,0.7036,1]},
{"frame":78,"values":[-0.8014,0.0451,0.5964,0,0.0287,0.9989,-0.0369,0,-0.5975,-0.0124,-0.8018,0,-0.0167,0.0928,0.7036,1]},
{"frame":79,"values":[-0.8281,0.0451,0.5588,0,0.0304,0.9989,-0.0355,0,-0.5598,-0.0124,-0.8285,0,-0.0167,0.0928,0.7036,1]},
{"frame":80,"values":[-0.8531,0.0451,0.5198,0,0.032,0.9989,-0.0341,0,-0.5207,-0.0124,-0.8536,0,-0.0167,0.0928,0.7036,1]},
{"frame":81,"values":[-0.8763,0.0451,0.4796,0,0.0336,0.9989,-0.0326,0,-0.4805,-0.0124,-0.8769,0,-0.0167,0.0928,0.7036,1]},
{"frame":82,"values":[-0.8975,0.0451,0.4386,0,0.035,0.9989,-0.031,0,-0.4395,-0.0124,-0.8981,0,-0.0167,0.0928,0.7036,1]},
{"frame":83,"values":[-0.9166,0.0451,0.3972,0,0.0364,0.9989,-0.0293,0,-0.3981,-0.0124,-0.9172,0,-0.0167,0.0928,0.7036,1]},
{"frame":84,"values":[-0.9335,0.0451,0.3558,0,0.0377,0.9989,-0.0277,0,-0.3567,-0.0124,-0.9342,0,-0.0167,0.0928,0.7036,1]},
{"frame":85,"values":[-0.9481,0.0451,0.3147,0,0.0389,0.9989,-0.026,0,-0.3155,-0.0124,-0.9488,0,-0.0167,0.0928,0.7036,1]},
{"frame":86,"values":[-0.9606,0.0451,0.2743,0,0.0399,0.9989,-0.0243,0,-0.2751,-0.0124,-0.9613,0,-0.0167,0.0928,0.7036,1]},
{"frame":87,"values":[-0.971,0.0451,0.235,0,0.0409,0.9989,-0.0227,0,-0.2357,-0.0124,-0.9717,0,-0.0167,0.0928,0.7036,1]},
{"frame":88,"values":[-0.9794,0.0451,0.1971,0,0.0417,0.9989,-0.0211,0,-0.1978,-0.0124,-0.9802,0,-0.0167,0.0928,0.7036,1]},
{"frame":89,"values":[-0.9859,0.0451,0.1609,0,0.0425,0.9989,-0.0195,0,-0.1616,-0.0124,-0.9868,0,-0.0167,0.0928,0.7036,1]},
{"frame":90,"values":[-0.9909,0.0451,0.1267,0,0.0431,0.9989,-0.0181,0,-0.1274,-0.0124,-0.9918,0,-0.0167,0.0928,0.7036,1]},
{"frame":91,"values":[-0.9945,0.0451,0.0948,0,0.0437,0.9989,-0.0167,0,-0.0955,-0.0124,-0.9954,0,-0.0167,0.0928,0.7036,1]},
{"frame":92,"values":[-0.9968,0.0451,0.0655,0,0.0442,0.9989,-0.0154,0,-0.0661,-0.0124,-0.9977,0,-0.0167,0.0928,0.7036,1]},
{"frame":93,"values":[-0.9982,0.0451,0.0389,0,0.0446,0.9989,-0.0142,0,-0.0395,-0.0124,-0.9991,0,-0.0167,0.0928,0.7036,1]},
{"frame":94,"values":[-0.9989,0.0451,0.0153,0,0.0449,0.9989,-0.0131,0,-0.0159,-0.0124,-0.9998,0,-0.0167,0.0928,0.7036,1]},
{"frame":95,"values":[-0.999,0.0451,-0.0051,0,0.0451,0.9989,-0.0122,0,0.0045,-0.0124,-0.9999,0,-0.0167,0.0928,0.7036,1]},
{"frame":96,"values":[-0.9987,0.0451,-0.0222,0,0.0453,0.9989,-0.0114,0,0.0217,-0.0124,-0.9997,0,-0.0167,0.0928,0.7036,1]},
{"frame":97,"values":[-0.9983,0.0451,-0.0359,0,0.0455,0.9989,-0.0108,0,0.0353,-0.0124,-0.9993,0,-0.0167,0.0928,0.7036,1]},
{"frame":98,"values":[-0.9979,0.0451,-0.0458,0,0.0456,0.9989,-0.0104,0,0.0453,-0.0124,-0.9989,0,-0.0167,0.0928,0.7036,1]},
{"frame":99,"values":[-0.9976,0.0451,-0.0519,0,0.0457,0.9989,-0.0101,0,0.0514,-0.0124,-0.9986,0,-0.0167,0.0928,0.7036,1]},
{"frame":100,"values":[-0.9975,0.0451,-0.054,0,0.0457,0.9989,-0.01,0,0.0535,-0.0124,-0.9985,0,-0.0167,0.0928,0.7036,1]}],"loopBehavior":1,"name":"anim","property":"_matrix"}}]
,"ranges":[{"name":"ArmatureAction","from":0,"to":1},{"name":"PedalingAnimation","from":10,"to":50},{"name":"SteeringAnimation","from":60,"to":100}]}],
"meshes":[{"name":"Bicycle","id":"Bicycle","billboardMode":0,"position":[0,0,0],"rotation":[0,0,0],"scaling":[1,1,1],"isVisible":true,"freezeWorldMatrix":false,"isEnabled":true,"checkCollisions":false,"receiveShadows":false,"pickable":true,"tags":"","skeletonId":0,"numBoneInfluencers":4
,"positions":[0.0284,1.3566,-0.5325,0.0194,1.2933,0.3653,0.0284,1.3152,0.3663,0.0194,1.3347,-0.5335,-0.0025,1.2843,0.3649,0.0194,1.2933,0.3653,-0.0025,1.2843,0.3649,-0.0244,1.3347,-0.5335,-0.0244,1.2933,0.3653,-0.0244,1.2933,0.3653,-0.0334,1.3566,-0.5325,-0.0334,1.3152,0.3663,-0.0334,1.3566,-0.5325,-0.0244,1.3371,0.3673,-0.0334,1.3152,0.3663,-0.0244,1.3371,0.3673,-0.0025,1.3875,-0.5311
,-0.0025,1.3461,0.3677,-0.0334,1.3566,-0.5325,-0.0244,1.3347,-0.5335,0.0194,1.3347,-0.5335,-0.0025,1.3875,-0.5311,0.0194,1.3371,0.3673,-0.0025,1.3461,0.3677,0.0194,1.3785,-0.5315,0.0284,1.3152,0.3663,0.0194,1.3371,0.3673,-0.0244,1.3371,0.3673,-0.0025,1.3461,0.3677,0.0194,1.3371,0.3673,0.0262,1.3453,0.4044,0.0178,0.4188,0.1557,0.0178,1.3396,0.4239,0.0178,0.4188,0.1557
,-0.0025,1.3372,0.432,0.0178,1.3396,0.4239,-0.0059,0.4184,0.1571,-0.0228,1.3396,0.4239,-0.0025,1.3372,0.432,-0.0212,0.4202,0.151,-0.0312,1.3453,0.4044,-0.0228,1.3396,0.4239,-0.0312,1.3453,0.4044,-0.0212,0.4288,0.1215,-0.0228,1.351,0.3849,-0.0228,1.351,0.3849,-0.0059,0.4306,0.1154,-0.0025,1.3533,0.3768,-0.0059,0.4306,0.1154,-0.0276,0.4245,0.1362,-0.0059,0.4184,0.1571
,-0.0025,1.3533,0.3768,0.0178,0.4302,0.1167,0.0178,1.351,0.3849,0.0178,0.4302,0.1167,0.0262,1.3453,0.4044,0.0178,1.351,0.3849,0.0136,1.3498,0.3889,-0.0025,1.5337,0.4356,-0.0025,1.3517,0.3825,0.0136,1.3408,0.4199,0.0262,1.3453,0.4044,0.0178,1.3396,0.4239,-0.0025,1.3389,0.4263,0.0178,1.3396,0.4239,-0.0025,1.3372,0.432,-0.0228,1.3396,0.4239,-0.0186,1.3408,0.4199
,-0.0312,1.3453,0.4044,-0.0253,1.3453,0.4044,-0.0186,1.3498,0.3889,-0.0312,1.3453,0.4044,-0.0228,1.351,0.3849,-0.0025,1.3517,0.3825,-0.0228,1.351,0.3849,-0.0025,1.3533,0.3768,-0.0025,1.3517,0.3825,0.0178,1.351,0.3849,0.0136,1.3498,0.3889,0.0136,1.3498,0.3889,0.0262,1.3453,0.4044,0.0203,1.3453,0.4044,-0.0186,1.5319,0.442,-0.0025,1.5337,0.4356,0.0136,1.5319,0.442
,-0.0186,1.3498,0.3889,-0.0253,1.5274,0.4575,-0.0253,1.3453,0.4044,-0.0186,1.3408,0.4199,-0.0025,1.521,0.4794,-0.0025,1.3389,0.4263,0.0136,1.3408,0.4199,0.0203,1.5274,0.4575,0.0203,1.3453,0.4044,0.0136,1.3498,0.3889,0.0203,1.5274,0.4575,0.0136,1.5319,0.442,-0.0186,1.3498,0.3889,-0.0025,1.5337,0.4356,-0.0186,1.5319,0.442,-0.0253,1.3453,0.4044,-0.0186,1.5228,0.473
,-0.0186,1.3408,0.4199,-0.0025,1.3389,0.4263,0.0136,1.5228,0.473,0.0136,1.3408,0.4199,0.0212,0.4257,0.1326,0.0143,1.2447,-0.6109,0.0143,0.4146,0.12,0.0143,0.4146,0.12,-0.0025,1.2401,-0.6161,-0.0025,0.41,0.1148,-0.0025,1.2401,-0.6161,-0.0193,0.4146,0.12,-0.0025,0.41,0.1148,-0.0193,1.2447,-0.6109,-0.0262,0.4257,0.1326,-0.0193,0.4146,0.12,-0.0262,1.2557,-0.5983
,-0.0193,0.4368,0.1452,-0.0262,0.4257,0.1326,-0.0193,0.4368,0.1452,-0.0025,1.2714,-0.5805,-0.0025,0.4414,0.1504,-0.0262,1.2557,-0.5983,-0.0193,1.2447,-0.6109,0.0212,1.2557,-0.5983,-0.0025,0.4414,0.1504,0.0143,1.2668,-0.5857,0.0143,0.4368,0.1452,0.0143,0.4368,0.1452,0.0212,1.2557,-0.5983,0.0212,0.4257,0.1326,-0.0193,0.4368,0.1452,-0.0025,0.4414,0.1504,0.0143,0.4368,0.1452
,-0.0238,1.4877,-0.5458,-0.0025,1.4903,-0.5542,0.0188,1.4877,-0.5458,0.0188,1.4877,-0.5458,0.0276,1.105,-0.6392,0.0276,1.4815,-0.5254,-0.0025,1.1138,-0.6681,0.0188,1.4877,-0.5458,-0.0025,1.4903,-0.5542,-0.0238,1.1112,-0.6596,-0.0025,1.4903,-0.5542,-0.0238,1.4877,-0.5458,-0.0326,1.105,-0.6392,-0.0238,1.4877,-0.5458,-0.0326,1.4815,-0.5254,-0.0238,1.0989,-0.6188,-0.0326,1.4815,-0.5254
,-0.0238,1.4754,-0.505,-0.0025,1.4728,-0.4965,-0.0238,1.0989,-0.6188,-0.0238,1.4754,-0.505,0.0188,1.0989,-0.6188,-0.0025,1.4728,-0.4965,0.0188,1.4754,-0.505,0.0276,1.4815,-0.5254,0.0188,1.0989,-0.6188,0.0188,1.4754,-0.505,-0.1957,1.468,-0.7001,-0.2013,1.4611,-0.6055,-0.1957,1.4747,-0.6055,-0.2013,1.4544,-0.7001,-0.215,1.4555,-0.6055,-0.2013,1.4611,-0.6055,-0.215,1.4555,-0.6055
,-0.2286,1.4544,-0.7001,-0.2286,1.4611,-0.6055,-0.2286,1.4611,-0.6055,-0.2342,1.468,-0.7001,-0.2342,1.4747,-0.6055,-0.2342,1.4747,-0.6055,-0.2286,1.4816,-0.7001,-0.2286,1.4883,-0.6055,-0.2286,1.4883,-0.6055,-0.215,1.4872,-0.7001,-0.215,1.494,-0.6055,-0.215,1.4872,-0.7001,-0.2013,1.4883,-0.6055,-0.215,1.494,-0.6055,-0.2013,1.4816,-0.7001,-0.1957,1.4747,-0.6055,-0.2013,1.4883,-0.6055
,-0.2286,1.4611,-0.6055,-0.2024,1.4555,-0.5795,-0.215,1.4555,-0.6055,-0.2286,1.4816,-0.7001,-0.215,1.4301,-0.7823,-0.215,1.4872,-0.7001,-0.2013,1.4152,-0.753,-0.1957,1.3369,-0.7736,-0.2013,1.3395,-0.7603,-0.2286,1.4544,-0.7001,-0.2342,1.4214,-0.7651,-0.2342,1.468,-0.7001,-0.215,1.4487,-0.7001,-0.2013,1.4152,-0.753,-0.215,1.4126,-0.748,-0.2013,1.4816,-0.7001,-0.215,1.4301,-0.7823
,-0.2013,1.4275,-0.7773,-0.2342,1.468,-0.7001,-0.2286,1.4275,-0.7773,-0.2286,1.4816,-0.7001,-0.215,1.4487,-0.7001,-0.2286,1.4152,-0.753,-0.2286,1.4544,-0.7001,-0.2013,1.4544,-0.7001,-0.1957,1.4214,-0.7651,-0.2013,1.4152,-0.753,-0.1957,1.468,-0.7001,-0.2013,1.4275,-0.7773,-0.1957,1.4214,-0.7651,-0.215,1.3332,-0.7925,-0.2013,1.2526,-0.722,-0.2013,1.3343,-0.787,-0.1957,1.4214,-0.7651
,-0.2013,1.3343,-0.787,-0.1957,1.3369,-0.7736,-0.2286,1.4275,-0.7773,-0.215,1.3332,-0.7925,-0.215,1.4301,-0.7823,-0.2286,1.4152,-0.753,-0.2342,1.3369,-0.7736,-0.2342,1.4214,-0.7651,-0.215,1.4126,-0.748,-0.2013,1.3395,-0.7603,-0.215,1.3406,-0.7548,-0.2013,1.4275,-0.7773,-0.215,1.3332,-0.7925,-0.2013,1.3343,-0.787,-0.2342,1.4214,-0.7651,-0.2286,1.3343,-0.787,-0.2286,1.4275,-0.7773
,-0.215,1.4126,-0.748,-0.2286,1.3395,-0.7603,-0.2286,1.4152,-0.753,-0.2013,1.279,-0.7154,-0.215,1.2428,-0.6243,-0.215,1.2845,-0.7141,-0.2286,1.3343,-0.787,-0.2342,1.2658,-0.7187,-0.2286,1.2526,-0.722,-0.2286,1.3395,-0.7603,-0.215,1.2845,-0.7141,-0.2286,1.279,-0.7154,-0.1957,1.3369,-0.7736,-0.2013,1.279,-0.7154,-0.2013,1.3395,-0.7603,-0.2013,1.3343,-0.787,-0.1957,1.2658,-0.7187
,-0.1957,1.3369,-0.7736,-0.215,1.3332,-0.7925,-0.2286,1.2526,-0.722,-0.215,1.2471,-0.7233,-0.2342,1.3369,-0.7736,-0.2286,1.279,-0.7154,-0.2342,1.2658,-0.7187,-0.2013,1.3395,-0.7603,-0.215,1.2845,-0.7141,-0.215,1.3406,-0.7548,-0.1957,1.2252,-0.6321,-0.2065,1.2018,-0.6004,-0.203,1.2095,-0.5969,-0.215,1.2471,-0.7233,-0.2013,1.2128,-0.6377,-0.2013,1.2526,-0.722,-0.2286,1.2526,-0.722
,-0.2342,1.2252,-0.6321,-0.2286,1.2128,-0.6377,-0.2286,1.279,-0.7154,-0.215,1.2428,-0.6243,-0.2286,1.2377,-0.6266,-0.1957,1.2658,-0.7187,-0.2013,1.2377,-0.6266,-0.2013,1.279,-0.7154,-0.2013,1.2526,-0.722,-0.1957,1.2252,-0.6321,-0.1957,1.2658,-0.7187,-0.215,1.2471,-0.7233,-0.2286,1.2128,-0.6377,-0.215,1.2077,-0.64,-0.2342,1.2658,-0.7187,-0.2286,1.2377,-0.6266,-0.2342,1.2252,-0.6321
,-0.203,1.2095,-0.5969,-0.215,1.1986,-0.6018,-0.2269,1.2095,-0.5969,-0.2286,1.2128,-0.6377,-0.215,1.1986,-0.6018,-0.215,1.2077,-0.64,-0.2342,1.2252,-0.6321,-0.2234,1.2172,-0.5935,-0.2269,1.2095,-0.5969,-0.2013,1.2377,-0.6266,-0.215,1.2204,-0.5921,-0.215,1.2428,-0.6243,-0.2013,1.2128,-0.6377,-0.215,1.1986,-0.6018,-0.2065,1.2018,-0.6004,-0.2286,1.2128,-0.6377,-0.2269,1.2095,-0.5969
,-0.2234,1.2018,-0.6004,-0.2286,1.2377,-0.6266,-0.215,1.2204,-0.5921,-0.2234,1.2172,-0.5935,-0.1957,1.2252,-0.6321,-0.2065,1.2172,-0.5935,-0.2013,1.2377,-0.6266,-0.2286,1.4883,-0.6055,-0.2024,1.494,-0.5795,-0.2084,1.4883,-0.5673,-0.2342,1.4747,-0.6055,-0.2084,1.4611,-0.5673,-0.2286,1.4611,-0.6055,-0.215,1.494,-0.6055,-0.1964,1.4883,-0.5917,-0.2024,1.494,-0.5795,-0.215,1.4555,-0.6055
,-0.1964,1.4611,-0.5917,-0.2013,1.4611,-0.6055,-0.2342,1.4747,-0.6055,-0.2084,1.4883,-0.5673,-0.2109,1.4747,-0.5622,-0.2013,1.4883,-0.6055,-0.1939,1.4747,-0.5968,-0.1964,1.4883,-0.5917,-0.2013,1.4611,-0.6055,-0.1939,1.4747,-0.5968,-0.1957,1.4747,-0.6055,0.2013,1.4611,-0.6055,0.1957,1.468,-0.7001,0.1957,1.4747,-0.6055,0.215,1.4555,-0.6055,0.2013,1.4544,-0.7001,0.2013,1.4611,-0.6055
,0.215,1.4555,-0.6055,0.2286,1.4544,-0.7001,0.215,1.4487,-0.7001,0.2286,1.4611,-0.6055,0.2342,1.468,-0.7001,0.2286,1.4544,-0.7001,0.2342,1.4747,-0.6055,0.2286,1.4816,-0.7001,0.2342,1.468,-0.7001,0.2286,1.4883,-0.6055,0.215,1.4872,-0.7001,0.2286,1.4816,-0.7001,0.2013,1.4883,-0.6055,0.215,1.4872,-0.7001,0.215,1.494,-0.6055,0.1957,1.4747,-0.6055,0.2013,1.4816,-0.7001
,0.2013,1.4883,-0.6055,0.2024,1.4555,-0.5795,0.2286,1.4611,-0.6055,0.215,1.4555,-0.6055,0.215,1.4301,-0.7823,0.2286,1.4816,-0.7001,0.215,1.4872,-0.7001,0.2013,1.4152,-0.753,0.1957,1.3369,-0.7736,0.1957,1.4214,-0.7651,0.2342,1.4214,-0.7651,0.2286,1.4544,-0.7001,0.2342,1.468,-0.7001,0.215,1.4487,-0.7001,0.2013,1.4152,-0.753,0.2013,1.4544,-0.7001,0.2013,1.4816,-0.7001
,0.215,1.4301,-0.7823,0.215,1.4872,-0.7001,0.2286,1.4275,-0.7773,0.2342,1.468,-0.7001,0.2286,1.4816,-0.7001,0.2286,1.4152,-0.753,0.215,1.4487,-0.7001,0.2286,1.4544,-0.7001,0.2013,1.4544,-0.7001,0.1957,1.4214,-0.7651,0.1957,1.468,-0.7001,0.1957,1.468,-0.7001,0.2013,1.4275,-0.7773,0.2013,1.4816,-0.7001,0.2013,1.2526,-0.722,0.215,1.3332,-0.7925,0.2013,1.3343,-0.787
,0.1957,1.4214,-0.7651,0.2013,1.3343,-0.787,0.2013,1.4275,-0.7773,0.215,1.3332,-0.7925,0.2286,1.4275,-0.7773,0.215,1.4301,-0.7823,0.2342,1.3369,-0.7736,0.2286,1.4152,-0.753,0.2342,1.4214,-0.7651,0.215,1.4126,-0.748,0.2013,1.3395,-0.7603,0.2013,1.4152,-0.753,0.2013,1.4275,-0.7773,0.215,1.3332,-0.7925,0.215,1.4301,-0.7823,0.2286,1.3343,-0.787,0.2342,1.4214,-0.7651
,0.2286,1.4275,-0.7773,0.2286,1.3395,-0.7603,0.215,1.4126,-0.748,0.2286,1.4152,-0.753,0.215,1.2428,-0.6243,0.2013,1.279,-0.7154,0.215,1.2845,-0.7141,0.2286,1.3343,-0.787,0.2342,1.2658,-0.7187,0.2342,1.3369,-0.7736,0.2286,1.3395,-0.7603,0.215,1.2845,-0.7141,0.215,1.3406,-0.7548,0.2013,1.279,-0.7154,0.1957,1.3369,-0.7736,0.2013,1.3395,-0.7603,0.1957,1.2658,-0.7187
,0.2013,1.3343,-0.787,0.1957,1.3369,-0.7736,0.215,1.3332,-0.7925,0.2286,1.2526,-0.722,0.2286,1.3343,-0.787,0.2342,1.3369,-0.7736,0.2286,1.279,-0.7154,0.2286,1.3395,-0.7603,0.215,1.2845,-0.7141,0.2013,1.3395,-0.7603,0.215,1.3406,-0.7548,0.1957,1.2252,-0.6321,0.2065,1.2018,-0.6004,0.2013,1.2128,-0.6377,0.2013,1.2128,-0.6377,0.215,1.2471,-0.7233,0.2013,1.2526,-0.722
,0.2286,1.2526,-0.722,0.2342,1.2252,-0.6321,0.2342,1.2658,-0.7187,0.2286,1.279,-0.7154,0.215,1.2428,-0.6243,0.215,1.2845,-0.7141,0.2013,1.2377,-0.6266,0.1957,1.2658,-0.7187,0.2013,1.279,-0.7154,0.1957,1.2252,-0.6321,0.2013,1.2526,-0.722,0.1957,1.2658,-0.7187,0.215,1.2471,-0.7233,0.2286,1.2128,-0.6377,0.2286,1.2526,-0.722,0.2342,1.2658,-0.7187,0.2286,1.2377,-0.6266
,0.2286,1.279,-0.7154,0.2269,1.2095,-0.5969,0.215,1.1986,-0.6018,0.203,1.2095,-0.5969,0.215,1.1986,-0.6018,0.2286,1.2128,-0.6377,0.215,1.2077,-0.64,0.2342,1.2252,-0.6321,0.2234,1.2172,-0.5935,0.2286,1.2377,-0.6266,0.215,1.2428,-0.6243,0.2065,1.2172,-0.5935,0.2013,1.2377,-0.6266,0.2013,1.2128,-0.6377,0.215,1.1986,-0.6018,0.215,1.2077,-0.64,0.2286,1.2128,-0.6377
,0.2269,1.2095,-0.5969,0.2342,1.2252,-0.6321,0.2286,1.2377,-0.6266,0.215,1.2204,-0.5921,0.215,1.2428,-0.6243,0.2065,1.2172,-0.5935,0.1957,1.2252,-0.6321,0.2013,1.2377,-0.6266,0.2286,1.4883,-0.6055,0.2024,1.494,-0.5795,0.215,1.494,-0.6055,0.2084,1.4611,-0.5673,0.2342,1.4747,-0.6055,0.2286,1.4611,-0.6055,0.215,1.494,-0.6055,0.1964,1.4883,-0.5917,0.2013,1.4883,-0.6055
,0.1964,1.4611,-0.5917,0.215,1.4555,-0.6055,0.2013,1.4611,-0.6055,0.2342,1.4747,-0.6055,0.2084,1.4883,-0.5673,0.2286,1.4883,-0.6055,0.2013,1.4883,-0.6055,0.1939,1.4747,-0.5968,0.1957,1.4747,-0.6055,0.1939,1.4747,-0.5968,0.2013,1.4611,-0.6055,0.1957,1.4747,-0.6055,-0.1964,1.4611,-0.5917,-0.0162,1.4555,-0.5829,-0.0158,1.4611,-0.5964,-0.2084,1.4611,-0.5673,-0.0169,1.4747,-0.5639
,-0.0167,1.4611,-0.5695,-0.2024,1.494,-0.5795,-0.0167,1.4883,-0.5695,-0.2084,1.4883,-0.5673,-0.1939,1.4747,-0.5968,-0.0158,1.4883,-0.5964,-0.1964,1.4883,-0.5917,-0.1939,1.4747,-0.5968,-0.0158,1.4611,-0.5964,-0.0156,1.4747,-0.602,-0.2024,1.4555,-0.5795,-0.0167,1.4611,-0.5695,-0.0162,1.4555,-0.5829,-0.2084,1.4883,-0.5673,-0.0169,1.4747,-0.5639,-0.2109,1.4747,-0.5622,-0.1964,1.4883,-0.5917
,-0.0162,1.494,-0.5829,-0.2024,1.494,-0.5795,0.1964,1.4611,-0.5917,0.0157,1.4555,-0.5829,0.2024,1.4555,-0.5795,0.2084,1.4611,-0.5673,0.0163,1.4747,-0.5639,0.2109,1.4747,-0.5622,0.0161,1.4883,-0.5695,0.2024,1.494,-0.5795,0.2084,1.4883,-0.5673,0.0152,1.4883,-0.5964,0.1939,1.4747,-0.5968,0.1964,1.4883,-0.5917,0.1939,1.4747,-0.5968,0.0152,1.4611,-0.5964,0.1964,1.4611,-0.5917
,0.2024,1.4555,-0.5795,0.0161,1.4611,-0.5695,0.2084,1.4611,-0.5673,0.0163,1.4747,-0.5639,0.2084,1.4883,-0.5673,0.2109,1.4747,-0.5622,0.0157,1.494,-0.5829,0.1964,1.4883,-0.5917,0.2024,1.494,-0.5795,-0.0124,1.1182,-0.8551,0.0085,1.0896,-1.0357,0.0085,1.1182,-0.8551,0.0085,1.0896,-1.0357,-0.0124,1.0066,-1.1986,0.0085,1.0066,-1.1986,-0.0124,1.0066,-1.1986,0.0085,0.8774,-1.3278
,0.0085,1.0066,-1.1986,-0.0124,0.8774,-1.3278,0.0085,0.7145,-1.4108,0.0085,0.8774,-1.3278,-0.0124,0.7145,-1.4108,0.0085,0.5339,-1.4394,0.0085,0.7145,-1.4108,0.0085,0.5339,-1.4394,-0.0124,0.3533,-1.4108,0.0085,0.3533,-1.4108,-0.0124,0.3533,-1.4108,0.0085,0.1904,-1.3278,0.0085,0.3533,-1.4108,-0.0124,0.1904,-1.3278,0.0085,0.0612,-1.1986,0.0085,0.1904,-1.3278,-0.0124,0.0612,-1.1986
,0.0085,-0.0218,-1.0357,0.0085,0.0612,-1.1986,-0.0124,-0.0218,-1.0357,0.0085,-0.0504,-0.8551,0.0085,-0.0218,-1.0357,-0.0124,-0.0504,-0.8551,0.0085,-0.0218,-0.6746,0.0085,-0.0504,-0.8551,-0.0124,-0.0218,-0.6746,0.0085,0.0612,-0.5117,0.0085,-0.0218,-0.6746,-0.0124,0.0612,-0.5117,0.0085,0.1904,-0.3824,0.0085,0.0612,-0.5117,-0.0124,0.1904,-0.3824,0.0085,0.3533,-0.2994,0.0085,0.1904,-0.3824
,-0.0124,0.3533,-0.2994,0.0085,0.5339,-0.2708,0.0085,0.3533,-0.2994,-0.0124,0.5339,-0.2708,0.0085,0.7145,-0.2994,0.0085,0.5339,-0.2708,-0.0124,0.7145,-0.2994,0.0085,0.8774,-0.3824,0.0085,0.7145,-0.2994,-0.0124,0.8774,-0.3824,0.0085,1.0066,-0.5117,0.0085,0.8774,-0.3824,-0.0124,1.1182,-0.8551,-0.0124,1.0896,-0.6746,-0.0124,1.0887,-0.849,-0.0124,1.0066,-0.5117,0.0085,1.0896,-0.6746
,0.0085,1.0066,-0.5117,0.0085,1.0896,-0.6746,-0.0124,1.1182,-0.8551,0.0085,1.1182,-0.8551,0.0085,1.0887,-0.849,0.0085,1.0614,-0.6762,0.0085,1.0896,-0.6746,-0.0124,0.2009,-1.3014,0.0085,0.3568,-1.3809,0.0085,0.2009,-1.3014,-0.0124,0.3568,-1.3809,0.0085,0.5296,-1.4082,0.0085,0.3568,-1.3809,-0.0124,0.8582,-1.3014,0.0085,0.982,-1.1777,0.0085,0.8582,-1.3014,0.0085,0.0772,-1.1777
,-0.0124,0.2009,-1.3014,0.0085,0.2009,-1.3014,0.0085,0.7024,-1.3809,-0.0124,0.8582,-1.3014,0.0085,0.8582,-1.3014,-0.0124,1.0887,-0.849,0.0085,1.0614,-0.6762,0.0085,1.0887,-0.849,-0.0124,-0.0023,-1.0218,0.0085,0.0772,-1.1777,0.0085,-0.0023,-1.0218,-0.0124,0.982,-0.5204,0.0085,0.8582,-0.3966,0.0085,0.982,-0.5204,-0.0124,-0.0023,-0.6762,0.0085,-0.0296,-0.849,0.0085,-0.0023,-0.6762
,-0.0124,-0.0296,-0.849,-0.0124,-0.0218,-0.6746,-0.0124,-0.0504,-0.8551,-0.0124,-0.0296,-0.849,0.0085,-0.0023,-1.0218,0.0085,-0.0296,-0.849,-0.0124,0.7024,-0.3172,0.0085,0.5296,-0.2898,0.0085,0.7024,-0.3172,-0.0124,0.5296,-0.2898,0.0085,0.3568,-0.3172,0.0085,0.5296,-0.2898,-0.0124,0.0772,-0.5204,0.0085,-0.0023,-0.6762,0.0085,0.0772,-0.5204,-0.0124,1.0614,-0.6762,0.0085,0.982,-0.5204
,0.0085,1.0614,-0.6762,0.0085,-0.0504,-0.8551,0.0085,-0.0218,-0.6746,0.0085,-0.0296,-0.849,-0.0124,1.0614,-1.0218,0.0085,1.0887,-0.849,0.0085,1.0614,-1.0218,-0.0124,0.8582,-0.3966,0.0085,0.7024,-0.3172,0.0085,0.8582,-0.3966,-0.0124,0.2009,-0.3966,0.0085,0.0772,-0.5204,0.0085,0.2009,-0.3966,-0.0124,0.3568,-0.3172,0.0085,0.2009,-0.3966,0.0085,0.3568,-0.3172,-0.0124,0.982,-1.1777
,0.0085,1.0614,-1.0218,0.0085,0.982,-1.1777,-0.0124,0.5296,-1.4082,0.0085,0.7024,-1.3809,0.0085,0.5296,-1.4082,0.0121,1.0887,-0.849,-0.017,1.0614,-1.0218,0.0121,1.0614,-1.0218,0.0121,0.982,-1.1777,-0.017,0.982,-1.1777,0.0121,0.8582,-1.3014,-0.017,0.7024,-1.3809,0.0121,0.7024,-1.3809,0.0121,0.5296,-1.4082,-0.017,0.5296,-1.4082,0.0121,0.3568,-1.3809,-0.017,0.3568,-1.3809
,0.0121,0.2009,-1.3014,-0.017,0.0772,-1.1777,0.0121,0.0772,-1.1777,-0.017,-0.0023,-1.0218,0.0121,-0.0023,-1.0218,0.0121,-0.0296,-0.849,-0.017,-0.0296,-0.849,0.0121,-0.0023,-0.6762,-0.017,-0.0023,-0.6762,0.0121,0.0772,-0.5204,-0.017,0.0772,-0.5204,0.0121,0.2009,-0.3966,-0.017,0.2009,-0.3966,0.0121,0.3568,-0.3172,-0.017,0.3568,-0.3172,0.0121,0.5296,-0.2898,-0.017,0.5296,-0.2898
,0.0121,0.7024,-0.3172,0.0121,0.5296,-0.2898,-0.017,0.7024,-0.3172,0.0121,0.8582,-0.3966,-0.017,0.8582,-0.3966,0.0121,0.982,-0.5204,-0.017,1.0887,-0.849,-0.017,1.0524,-0.849,-0.017,1.0268,-1.0106,-0.017,0.982,-0.5204,0.0121,1.0614,-0.6762,-0.017,1.0614,-0.6762,0.0121,1.0524,-0.849,0.0121,1.0268,-0.6875,-0.017,0.2222,-1.272,0.0121,0.368,-1.3463,0.0121,0.2222,-1.272
,-0.017,0.368,-1.3463,0.0121,0.5296,-1.3719,-0.017,0.8369,-1.272,0.0121,0.9526,-1.1564,0.0121,0.8369,-1.272,-0.017,0.1066,-1.1564,0.0121,0.1066,-1.1564,-0.017,0.6911,-1.3463,0.0121,0.6911,-1.3463,0.0121,1.0268,-0.6875,0.0121,1.0524,-0.849,-0.017,0.0323,-1.0106,0.0121,0.0323,-1.0106,0.0121,0.9526,-0.5417,-0.017,0.8369,-0.426,0.0121,0.8369,-0.426,-0.017,0.0323,-0.6875
,0.0121,0.0067,-0.849,0.0121,0.0323,-0.6875,-0.017,0.0067,-0.849,-0.017,0.6911,-0.3518,0.0121,0.5296,-0.3262,0.0121,0.6911,-0.3518,-0.017,0.5296,-0.3262,0.0121,0.368,-0.3518,0.0121,0.5296,-0.3262,-0.017,0.1066,-0.5417,0.0121,0.1066,-0.5417,0.0121,1.0268,-0.6875,-0.017,0.9526,-0.5417,0.0121,0.0067,-0.849,0.0121,0.0323,-1.0106,0.0121,1.0524,-0.849,0.0121,1.0268,-1.0106
,-0.017,0.2222,-0.426,0.0121,0.2222,-0.426,-0.017,0.368,-0.3518,-0.017,0.5296,-1.3719,0.0014,1.0478,-0.8436,-0.0074,0.0154,-0.8524,0.0014,0.0154,-0.8436,-0.0074,1.0478,-0.8524,-0.0162,0.0154,-0.8436,-0.0074,0.0154,-0.8524,0.0014,1.0478,-0.8436,-0.0162,1.0478,-0.8436,-0.0074,1.0478,-0.8524,-0.0162,1.0478,-0.8436,-0.0074,0.0154,-0.8348,-0.0162,0.0154,-0.8436,-0.0074,0.0154,-0.8348
,0.0014,1.0478,-0.8436,0.0014,0.0154,-0.8436,0.0014,0.0154,-0.8436,-0.0162,0.0154,-0.8436,-0.0074,0.0154,-0.8348,0.0014,0.8989,-0.4921,-0.0074,0.1743,-1.2277,0.0014,0.1681,-1.2215,-0.0074,0.1743,-1.2277,-0.0162,0.8989,-0.4921,-0.0162,0.1681,-1.2215,-0.0074,0.9051,-0.4983,-0.0074,0.8927,-0.4858,-0.0162,0.8989,-0.4921,-0.0162,0.8989,-0.4921,-0.0074,0.1619,-1.2152,-0.0162,0.1681,-1.2215
,-0.0074,0.8927,-0.4858,0.0014,0.1681,-1.2215,-0.0074,0.1619,-1.2152,0.0014,0.1681,-1.2215,-0.0162,0.1681,-1.2215,-0.0074,0.1619,-1.2152,0.0014,0.3248,-1.3221,-0.0074,0.7533,-0.3828,-0.0074,0.3328,-1.3257,-0.0074,0.3328,-1.3257,-0.0162,0.7453,-0.3792,-0.0162,0.3248,-1.3221,-0.0074,0.7533,-0.3828,-0.0074,0.7373,-0.3756,-0.0162,0.7453,-0.3792,-0.0162,0.3248,-1.3221,-0.0074,0.7373,-0.3756
,-0.0074,0.3167,-1.3186,-0.0074,0.7373,-0.3756,0.0014,0.3248,-1.3221,-0.0074,0.3167,-1.3186,0.0014,0.3248,-1.3221,-0.0162,0.3248,-1.3221,-0.0074,0.3167,-1.3186,0.0014,0.4989,-1.3659,-0.0074,0.5708,-0.3359,-0.0074,0.5077,-1.3665,-0.0074,0.5708,-0.3359,-0.0162,0.4989,-1.3659,-0.0074,0.5077,-1.3665,-0.0074,0.5708,-0.3359,-0.0074,0.5532,-0.3349,-0.0162,0.562,-0.3354,-0.0162,0.562,-0.3354
,-0.0074,0.4901,-1.3654,-0.0162,0.4989,-1.3659,-0.0074,0.5532,-0.3349,0.0014,0.4989,-1.3659,-0.0074,0.4901,-1.3654,-0.0074,0.5077,-1.3665,-0.0074,0.4901,-1.3654,0.0014,0.4989,-1.3659,0.0014,0.38,-0.3526,-0.0074,0.7015,-1.3338,0.0014,0.6931,-1.3365,-0.0074,0.7015,-1.3338,-0.0162,0.38,-0.3526,-0.0162,0.6931,-1.3365,-0.0074,0.3884,-0.35,-0.0074,0.3716,-0.3553,-0.0162,0.38,-0.3526
,-0.0162,0.6931,-1.3365,-0.0074,0.3716,-0.3553,-0.0074,0.6848,-1.3391,-0.0074,0.6848,-1.3391,0.0014,0.38,-0.3526,0.0014,0.6931,-1.3365,0.0014,0.6931,-1.3365,-0.0162,0.6931,-1.3365,-0.0074,0.6848,-1.3391,0.0014,0.1795,-0.4694,-0.0074,0.8788,-1.229,0.0014,0.8723,-1.2349,-0.0074,0.8788,-1.229,-0.0162,0.1795,-0.4694,-0.0162,0.8723,-1.2349,0.0014,0.1795,-0.4694,-0.0162,0.1795,-0.4694
,-0.0074,0.186,-0.4635,-0.0162,0.1795,-0.4694,-0.0074,0.8658,-1.2408,-0.0162,0.8723,-1.2349,-0.0074,0.8658,-1.2408,0.0014,0.1795,-0.4694,0.0014,0.8723,-1.2349,0.0014,0.8723,-1.2349,-0.0162,0.8723,-1.2349,-0.0074,0.8658,-1.2408,0.0014,1.0041,-1.0621,-0.0074,0.0603,-0.6434,-0.0074,1.0076,-1.054,-0.0074,0.0603,-0.6434,-0.0162,1.0041,-1.0621,-0.0074,1.0076,-1.054,-0.0074,0.0603,-0.6434
,-0.0074,0.0533,-0.6595,-0.0162,0.0568,-0.6515,-0.0162,1.0041,-1.0621,-0.0074,0.0533,-0.6595,-0.0074,1.0006,-1.0701,-0.0074,0.0533,-0.6595,0.0014,1.0041,-1.0621,-0.0074,1.0006,-1.0701,0.0014,1.0041,-1.0621,-0.0162,1.0041,-1.0621,-0.0074,1.0006,-1.0701,-0.0122,1.1123,-0.6633,-0.0193,1.0714,-0.6683,-0.0063,1.1113,-0.66,-0.0193,1.0579,-0.6339,-0.0146,1.098,-0.6161,-0.0063,1.0988,-0.6185
,-0.0136,1.0646,-0.6511,-0.0063,1.0988,-0.6185,-0.002,1.105,-0.6392,-0.0275,1.0551,-0.6268,-0.0204,1.0991,-0.6203,-0.0146,1.098,-0.6161,-0.0239,1.1112,-0.6595,-0.0275,1.0742,-0.6754,-0.0122,1.1123,-0.6633,-0.0193,1.0714,-0.6683,-0.002,1.105,-0.6392,-0.0063,1.1113,-0.66,-0.0324,1.1049,-0.6386,-0.0367,1.0714,-0.6683,-0.0239,1.1112,-0.6595,-0.0367,1.0579,-0.6339,-0.0324,1.1049,-0.6386
,-0.0204,1.0991,-0.6203,-0.0426,0.539,-0.8511,-0.0378,0.7936,-0.7622,-0.0419,0.7886,-0.7495,-0.0249,0.7936,-0.7622,-0.0244,0.5463,-0.8656,-0.0207,0.7886,-0.7495,-0.0249,0.7836,-0.7369,-0.0341,0.5336,-0.8372,-0.0309,0.7816,-0.7316,-0.0341,0.5336,-0.8372,-0.0378,0.7836,-0.7369,-0.0309,0.7816,-0.7316,-0.0378,0.7936,-0.7622,-0.0341,0.5445,-0.8649,-0.0309,0.7956,-0.7674,-0.0207,0.7886,-0.7495
,-0.0277,0.5425,-0.8558,-0.0249,0.7836,-0.7369,-0.0394,0.5352,-0.8412,-0.0419,0.7886,-0.7495,-0.0378,0.7836,-0.7369,-0.0309,0.7956,-0.7674,-0.0277,0.5502,-0.8754,-0.0249,0.7936,-0.7622,-0.0309,0.7956,-0.7674,-0.0193,1.0714,-0.6683,-0.0275,1.0742,-0.6754,-0.0367,1.0579,-0.6339,-0.0419,0.7886,-0.7495,-0.0423,1.0646,-0.6511,-0.0207,0.7886,-0.7495,-0.0193,1.0579,-0.6339,-0.0136,1.0646,-0.6511
