{"producer":{"name":"Blender","version":"2.81 (sub 16)","exporter_version":"6.2.3","file":"bicycle_1.babylon"},
"autoClear":true,"clearColor":[0.0509,0.0509,0.0509],"gravity":[0,-9.81,0],
"materials":[],
"multiMaterials":[],
"skeletons":[{"name":"Armature","id":0,"dimensionsAtRest":[0.6568,1.368,0.7036],"bones":[
{"name":"main","index":0,"matrix":[1,0,0,0,0,1,0,0,0,0,-1,0,-0.1212,0.5153,-0.0047,1],"rest":[1,0,0,0,0,1,0,0,0,0,-1,0,-0.1212,0.5153,-0.0047,1],"parentBoneIndex":-1,"length":0.1681
,"animation":{"dataType":3,"framePerSecond":24,"keys":[
{"frame":0,"values":[1,0,0,0,0,1,0,0,0,0,-1,0,-0.1212,0.5153,-0.0047,1]},
{"frame":41,"values":[1,0,0,0,0,1,0,0,0,0,-1,0,-0.1212,0.5153,-0.0047,1]},
{"frame":50,"values":[1,0,0,0,0,1,0,0,0,0,-1,0,-0.1212,0.5153,-0.0047,1]},
{"frame":90,"values":[1,0,0,0,0,1,0,0,0,0,-1,0,-0.1212,0.5153,-0.0047,1]}],"loopBehavior":1,"name":"anim","property":"_matrix"}},
{"name":"pedal.R","index":1,"matrix":[0.9999,0.014,0,0,0.014,-0.9999,0,0,0,0,-1,0,-0.0065,-0.0968,0.0713,1],"rest":[0.9999,0.0132,0,0,0.0132,-0.9999,0,0,0,0,-1,0,-0.0065,-0.0968,0.0713,1],"parentBoneIndex":0,"length":0.3181
,"animation":{"dataType":3,"framePerSecond":24,"keys":[
{"frame":0,"values":[0.9999,0.014,0,0,0.014,-0.9999,0,0,0,0,-1,0,-0.0065,-0.0968,0.0713,1]},
{"frame":1,"values":[1,-0.0005,0,0,-0.0005,-1,0,0,0,0,-1,0,-0.0065,-0.0968,0.0713,1]},
{"frame":2,"values":[0.9991,-0.0428,0,0,-0.0428,-0.9991,0,0,0,0,-1,0,-0.0065,-0.0968,0.0713,1]},
{"frame":3,"values":[0.9938,-0.1112,0,0,-0.1112,-0.9938,0,0,0,0,-1,0,-0.0065,-0.0968,0.0713,1]},
{"frame":4,"values":[0.9789,-0.2043,0,0,-0.2043,-0.9789,0,0,0,0,-1,0,-0.0065,-0.0968,0.0713,1]},
{"frame":5,"values":[0.9476,-0.3195,0,0,-0.3195,-0.9476,0,0,0,0,-1,0,-0.0065,-0.0968,0.0713,1]},
{"frame":6,"values":[0.8918,-0.4523,0,0,-0.4523,-0.8918,0,0,0,0,-1,0,-0.0065,-0.0968,0.0713,1]},
{"frame":7,"values":[0.8039,-0.5948,0,0,-0.5948,-0.8039,0,0,0,0,-1,0,-0.0065,-0.0968,0.0713,1]},
{"frame":8,"values":[0.6781,-0.735,0,0,-0.735,-0.6781,0,0,0,0,-1,0,-0.0065,-0.0968,0.0713,1]},
{"frame":9,"values":[0.5134,-0.8582,0,0,-0.8582,-0.5134,0,0,0,0,-1,0,-0.0065,-0.0968,0.0713,1]},
{"frame":10,"values":[0.3156,-0.9489,0,0,-0.9489,-0.3156,0,0,0,0,-1,0,-0.0065,-0.0968,0.0713,1]},
{"frame":11,"values":[0.097,-0.9953,0,0,-0.9953,-0.097,0,0,0,0,-1,0,-0.0065,-0.0968,0.0713,1]},
{"frame":12,"values":[-0.1259,-0.992,0,0,-0.992,0.1259,0,0,0,0,-1,0,-0.0065,-0.0968,0.0713,1]},
{"frame":13,"values":[-0.3369,-0.9415,0,0,-0.9415,0.3369,0,0,0,0,-1,0,-0.0065,-0.0968,0.0713,1]},
{"frame":14,"values":[-0.5234,-0.8521,0,0,-0.8521,0.5234,0,0,0,0,-1,0,-0.0065,-0.0968,0.0713,1]},
{"frame":15,"values":[-0.6785,-0.7346,0,0,-0.7346,0.6785,0,0,0,0,-1,0,-0.0065,-0.0968,0.0713,1]},
{"frame":16,"values":[-0.8002,-0.5997,0,0,-0.5997,0.8002,0,0,0,0,-1,0,-0.0065,-0.0968,0.0713,1]},
{"frame":17,"values":[-0.8901,-0.4558,0,0,-0.4558,0.8901,0,0,0,0,-1,0,-0.0065,-0.0968,0.0713,1]},
{"frame":18,"values":[-0.9512,-0.3085,0,0,-0.3085,0.9512,0,0,0,0,-1,0,-0.0065,-0.0968,0.0713,1]},
{"frame":19,"values":[-0.987,-0.1609,0,0,-0.1609,0.987,0,0,0,0,-1,0,-0.0065,-0.0968,0.0713,1]},
{"frame":20,"values":[-0.9999,-0.014,0,0,-0.014,0.9999,0,0,0,0,-1,0,-0.0065,-0.0968,0.0713,1]},
{"frame":21,"values":[-0.9912,0.1323,0,0,0.1323,0.9912,0,0,0,0,-1,0,-0.0065,-0.0968,0.0713,1]},
{"frame":22,"values":[-0.9604,0.2785,0,0,0.2785,0.9604,0,0,0,0,-1,0,-0.0065,-0.0968,0.0713,1]},
{"frame":23,"values":[-0.9059,0.4235,0,0,0.4235,0.9059,0,0,0,0,-1,0,-0.0065,-0.0968,0.0713,1]},
{"frame":24,"values":[-0.8252,0.5649,0,0,0.5649,0.8252,0,0,0,0,-1,0,-0.0065,-0.0968,0.0713,1]},
{"frame":25,"values":[-0.7159,0.6982,0,0,0.6982,0.7159,0,0,0,0,-1,0,-0.0065,-0.0968,0.0713,1]},
{"frame":26,"values":[-0.5768,0.8169,0,0,0.8169,0.5768,0,0,0,0,-1,0,-0.0065,-0.0968,0.0713,1]},
{"frame":27,"values":[-0.4089,0.9126,0,0,0.9126,0.4089,0,0,0,0,-1,0,-0.0065,-0.0968,0.0713,1]},
{"frame":28,"values":[-0.2169,0.9762,0,0,0.9762,0.2169,0,0,0,0,-1,0,-0.0065,-0.0968,0.0713,1]},
{"frame":29,"values":[-0.0099,1,0,0,0.9999,0.0099,0,0,0,0,-1,0,-0.0065,-0.0968,0.0713,1]},
{"frame":30,"values":[0.1998,0.9798,0,0,0.9798,-0.1998,0,0,0,0,-1,0,-0.0065,-0.0968,0.0713,1]},
{"frame":31,"values":[0.398,0.9174,0,0,0.9174,-0.398,0,0,0,0,-1,0,-0.0065,-0.0968,0.0713,1]},
{"frame":32,"values":[0.5725,0.8199,0,0,0.8199,-0.5725,0,0,0,0,-1,0,-0.0065,-0.0968,0.0713,1]},
{"frame":33,"values":[0.7153,0.6988,0,0,0.6988,-0.7153,0,0,0,0,-1,0,-0.0065,-0.0968,0.0713,1]},
{"frame":34,"values":[0.8236,0.5671,0,0,0.5671,-0.8237,0,0,0,0,-1,0,-0.0065,-0.0968,0.0713,1]},
{"frame":35,"values":[0.8997,0.4364,0,0,0.4364,-0.8997,0,0,0,0,-1,0,-0.0065,-0.0968,0.0713,1]},
{"frame":36,"values":[0.9488,0.3159,0,0,0.3159,-0.9488,0,0,0,0,-1,0,-0.0065,-0.0968,0.0713,1]},
{"frame":37,"values":[0.9773,0.2117,0,0,0.2117,-0.9773,0,0,0,0,-1,0,-0.0065,-0.0968,0.0713,1]},
{"frame":38,"values":[0.9918,0.1276,0,0,0.1276,-0.9918,0,0,0,0,-1,0,-0.0065,-0.0968,0.0713,1]},
{"frame":39,"values":[0.9978,0.0656,0,0,0.0656,-0.9978,0,0,0,0,-1,0,-0.0065,-0.0968,0.0713,1]},
{"frame":40,"values":[0.9996,0.0273,0,0,0.0273,-0.9996,0,0,0,0,-1,0,-0.0065,-0.0968,0.0713,1]},
{"frame":41,"values":[0.9999,0.014,0,0,0.014,-0.9999,0,0,0,0,-1,0,-0.0065,-0.0968,0.0713,1]},
{"frame":50,"values":[0.9999,0.014,0,0,0.014,-0.9999,0,0,0,0,-1,0,-0.0065,-0.0968,0.0713,1]},
{"frame":90,"values":[0.9999,0.014,0,0,0.014,-0.9999,0,0,0,0,-1,0,-0.0065,-0.0968,0.0713,1]}],"loopBehavior":1,"name":"anim","property":"_matrix"}},
{"name":"pedal.L","index":2,"matrix":[-0.9999,0.0122,0,0,0.0122,0.9999,0,0,0,0,-1,0,-0.0065,-0.0926,-0.6324,1],"rest":[-0.9997,0.0262,0,0,0.0262,0.9997,0,0,0,0,-1,0,-0.0065,-0.0926,-0.6324,1],"parentBoneIndex":0,"length":0.323
,"animation":{"dataType":3,"framePerSecond":24,"keys":[
{"frame":0,"values":[-0.9999,0.0122,0,0,0.0122,0.9999,0,0,0,0,-1,0,-0.0065,-0.0926,-0.6324,1]},
{"frame":1,"values":[-0.9996,0.0267,0,0,0.0267,0.9996,0,0,0,0,-1,0,-0.0065,-0.0926,-0.6324,1]},
{"frame":2,"values":[-0.9976,0.069,0,0,0.069,0.9976,0,0,0,0,-1,0,-0.0065,-0.0926,-0.6324,1]},
{"frame":3,"values":[-0.9905,0.1372,0,0,0.1372,0.9905,0,0,0,0,-1,0,-0.0065,-0.0926,-0.6324,1]},
{"frame":4,"values":[-0.9732,0.2299,0,0,0.2299,0.9732,0,0,0,0,-1,0,-0.0065,-0.0926,-0.6324,1]},
{"frame":5,"values":[-0.9389,0.3443,0,0,0.3443,0.9389,0,0,0,0,-1,0,-0.0065,-0.0926,-0.6324,1]},
{"frame":6,"values":[-0.8797,0.4756,0,0,0.4756,0.8797,0,0,0,0,-1,0,-0.0065,-0.0926,-0.6324,1]},
{"frame":7,"values":[-0.788,0.6156,0,0,0.6156,0.788,0,0,0,0,-1,0,-0.0065,-0.0926,-0.6324,1]},
{"frame":8,"values":[-0.6586,0.7525,0,0,0.7525,0.6586,0,0,0,0,-1,0,-0.0065,-0.0926,-0.6324,1]},
{"frame":9,"values":[-0.4907,0.8713,0,0,0.8713,0.4907,0,0,0,0,-1,0,-0.0065,-0.0926,-0.6324,1]},
{"frame":10,"values":[-0.2906,0.9569,0,0,0.9569,0.2906,0,0,0,0,-1,0,-0.0065,-0.0926,-0.6324,1]},
{"frame":11,"values":[-0.0708,0.9975,0,0,0.9975,0.0708,0,0,0,0,-1,0,-0.0065,-0.0926,-0.6324,1]},
{"frame":12,"values":[0.1519,0.9884,0,0,0.9884,-0.1519,0,0,0,0,-1,0,-0.0065,-0.0926,-0.6324,1]},
{"frame":13,"values":[0.3615,0.9324,0,0,0.9324,-0.3615,0,0,0,0,-1,0,-0.0065,-0.0926,-0.6324,1]},
{"frame":14,"values":[0.5455,0.8381,0,0,0.8381,-0.5455,0,0,0,0,-1,0,-0.0065,-0.0926,-0.6324,1]},
{"frame":15,"values":[0.6975,0.7166,0,0,0.7166,-0.6975,0,0,0,0,-1,0,-0.0065,-0.0926,-0.6324,1]},
{"frame":16,"values":[0.8157,0.5785,0,0,0.5785,-0.8157,0,0,0,0,-1,0,-0.0065,-0.0926,-0.6324,1]},
{"frame":17,"values":[0.9017,0.4323,0,0,0.4323,-0.9017,0,0,0,0,-1,0,-0.0065,-0.0926,-0.6324,1]},
{"frame":18,"values":[0.959,0.2834,0,0,0.2834,-0.959,0,0,0,0,-1,0,-0.0065,-0.0926,-0.6324,1]},
{"frame":19,"values":[0.9909,0.1349,0,0,0.1349,-0.9909,0,0,0,0,-1,0,-0.0065,-0.0926,-0.6324,1]},
{"frame":20,"values":[0.9999,-0.0122,0,0,-0.0122,-0.9999,0,0,0,0,-1,0,-0.0065,-0.0926,-0.6324,1]},
{"frame":21,"values":[0.9874,-0.1583,0,0,-0.1583,-0.9874,0,0,0,0,-1,0,-0.0065,-0.0926,-0.6324,1]},
{"frame":22,"values":[0.9528,-0.3036,0,0,-0.3036,-0.9528,0,0,0,0,-1,0,-0.0065,-0.0926,-0.6324,1]},
{"frame":23,"values":[0.8945,-0.4471,0,0,-0.4471,-0.8945,0,0,0,0,-1,0,-0.0065,-0.0926,-0.6324,1]},
{"frame":24,"values":[0.8101,-0.5863,0,0,-0.5863,-0.8101,0,0,0,0,-1,0,-0.0065,-0.0926,-0.6324,1]},
{"frame":25,"values":[0.6973,-0.7168,0,0,-0.7168,-0.6973,0,0,0,0,-1,0,-0.0065,-0.0926,-0.6324,1]},
{"frame":26,"values":[0.5551,-0.8318,0,0,-0.8318,-0.5551,0,0,0,0,-1,0,-0.0065,-0.0926,-0.6324,1]},
{"frame":27,"values":[0.3848,-0.923,0,0,-0.923,-0.3848,0,0,0,0,-1,0,-0.0065,-0.0926,-0.6324,1]},
{"frame":28,"values":[0.1913,-0.9815,0,0,-0.9815,-0.1913,0,0,0,0,-1,0,-0.0065,-0.0926,-0.6324,1]},
{"frame":29,"values":[-0.0164,-0.9999,0,0,-0.9999,0.0164,0,0,0,0,-1,0,-0.0065,-0.0926,-0.6324,1]},
{"frame":30,"values":[-0.2254,-0.9743,0,0,-0.9743,0.2254,0,0,0,0,-1,0,-0.0065,-0.0926,-0.6324,1]},
{"frame":31,"values":[-0.4219,-0.9066,0,0,-0.9066,0.4219,0,0,0,0,-1,0,-0.0065,-0.0926,-0.6324,1]},
{"frame":32,"values":[-0.5938,-0.8046,0,0,-0.8046,0.5938,0,0,0,0,-1,0,-0.0065,-0.0926,-0.6324,1]},
{"frame":33,"values":[-0.7334,-0.6798,0,0,-0.6798,0.7334,0,0,0,0,-1,0,-0.0065,-0.0926,-0.6324,1]},
{"frame":34,"values":[-0.8382,-0.5453,0,0,-0.5453,0.8382,0,0,0,0,-1,0,-0.0065,-0.0926,-0.6324,1]},
{"frame":35,"values":[-0.9109,-0.4127,0,0,-0.4127,0.9109,0,0,0,0,-1,0,-0.0065,-0.0926,-0.6324,1]},
{"frame":36,"values":[-0.9567,-0.2909,0,0,-0.2909,0.9567,0,0,0,0,-1,0,-0.0065,-0.0926,-0.6324,1]},
{"frame":37,"values":[-0.9825,-0.186,0,0,-0.186,0.9825,0,0,0,0,-1,0,-0.0065,-0.0926,-0.6324,1]},
{"frame":38,"values":[-0.9948,-0.1015,0,0,-0.1015,0.9948,0,0,0,0,-1,0,-0.0065,-0.0926,-0.6324,1]},
{"frame":39,"values":[-0.9992,-0.0394,0,0,-0.0394,0.9992,0,0,0,0,-1,0,-0.0065,-0.0926,-0.6324,1]},
{"frame":40,"values":[-1,-0.001,0,0,-0.001,1,0,0,0,0,-1,0,-0.0065,-0.0926,-0.6324,1]},
{"frame":41,"values":[-0.9999,0.0122,0,0,0.0122,0.9999,0,0,0,0,-1,0,-0.0065,-0.0926,-0.6324,1]},
{"frame":50,"values":[-0.9999,0.0122,0,0,0.0122,0.9999,0,0,0,0,-1,0,-0.0065,-0.0926,-0.6324,1]},
{"frame":90,"values":[-0.9999,0.0122,0,0,0.0122,0.9999,0,0,0,0,-1,0,-0.0065,-0.0926,-0.6324,1]}],"loopBehavior":1,"name":"anim","property":"_matrix"}},
{"name":"steering_wheel","index":3,"matrix":[-0.4247,0.0014,0.9053,0,-0.0004,1,-0.0017,0,-0.9053,-0.0011,-0.4247,0,0.6503,0.0233,0.0001,1],"rest":[-0.4247,0.0014,0.9053,0,-0.0004,1,-0.0017,0,-0.9053,-0.0011,-0.4247,0,0.6503,0.0233,0.0001,1],"parentBoneIndex":0,"length":0.9298
,"animation":{"dataType":3,"framePerSecond":24,"keys":[
{"frame":0,"values":[-0.4247,0.0014,0.9053,0,-0.0004,1,-0.0017,0,-0.9053,-0.0011,-0.4247,0,0.6503,0.0233,0.0001,1]},
{"frame":41,"values":[-0.4247,0.0014,0.9053,0,-0.0004,1,-0.0017,0,-0.9053,-0.0011,-0.4247,0,0.6503,0.0233,0.0001,1]},
{"frame":50,"values":[-0.4247,0.0014,0.9053,0,-0.0004,1,-0.0017,0,-0.9053,-0.0011,-0.4247,0,0.6503,0.0233,0.0001,1]},
{"frame":51,"values":[-0.4265,0.0014,0.9045,0,-0.0004,1,-0.0017,0,-0.9045,-0.0011,-0.4265,0,0.6503,0.0233,0.0001,1]},
{"frame":52,"values":[-0.4315,0.0014,0.9021,0,-0.0004,1,-0.0017,0,-0.9021,-0.0011,-0.4315,0,0.6503,0.0233,0.0001,1]},
{"frame":53,"values":[-0.4398,0.0014,0.8981,0,-0.0004,1,-0.0017,0,-0.8981,-0.0011,-0.4398,0,0.6503,0.0233,0.0001,1]},
{"frame":54,"values":[-0.451,0.0014,0.8925,0,-0.0003,1,-0.0017,0,-0.8925,-0.0011,-0.451,0,0.6503,0.0233,0.0001,1]},
{"frame":55,"values":[-0.4649,0.0014,0.8854,0,-0.0003,1,-0.0017,0,-0.8854,-0.0011,-0.4649,0,0.6503,0.0233,0.0001,1]},
{"frame":56,"values":[-0.4814,0.0014,0.8765,0,-0.0003,1,-0.0017,0,-0.8765,-0.0011,-0.4814,0,0.6503,0.0233,0.0001,1]},
{"frame":57,"values":[-0.5002,0.0014,0.8659,0,-0.0002,1,-0.0017,0,-0.8659,-0.0011,-0.5002,0,0.6503,0.0233,0.0001,1]},
{"frame":58,"values":[-0.5211,0.0014,0.8535,0,-0.0002,1,-0.0017,0,-0.8535,-0.0011,-0.5211,0,0.6503,0.0233,0.0001,1]},
{"frame":59,"values":[-0.5438,0.0014,0.8392,0,-0.0002,1,-0.0017,0,-0.8392,-0.0011,-0.5438,0,0.6503,0.0233,0.0001,1]},
{"frame":60,"values":[-0.5681,0.0014,0.823,0,-0.0001,1,-0.0017,0,-0.823,-0.0011,-0.5681,0,0.6503,0.0233,0.0001,1]},
{"frame":61,"values":[-0.5936,0.0014,0.8047,0,0,1,-0.0017,0,-0.8047,-0.0011,-0.5936,0,0.6503,0.0233,0.0001,1]},
{"frame":62,"values":[-0.6202,0.0014,0.7844,0,0,1,-0.0017,0,-0.7844,-0.0011,-0.6202,0,0.6503,0.0233,0.0001,1]},
{"frame":63,"values":[-0.6475,0.0014,0.7621,0,0.0001,1,-0.0017,0,-0.7621,-0.0011,-0.6475,0,0.6503,0.0233,0.0001,1]},
{"frame":64,"values":[-0.6751,0.0014,0.7377,0,0.0001,1,-0.0017,0,-0.7377,-0.0011,-0.6751,0,0.6503,0.0233,0.0001,1]},
{"frame":65,"values":[-0.7029,0.0014,0.7113,0,0.0002,1,-0.0017,0,-0.7113,-0.0011,-0.7029,0,0.6503,0.0233,0.0001,1]},
{"frame":66,"values":[-0.7304,0.0014,0.683,0,0.0003,1,-0.0017,0,-0.683,-0.0011,-0.7304,0,0.6503,0.0233,0.0001,1]},
{"frame":67,"values":[-0.7574,0.0014,0.6529,0,0.0003,1,-0.0017,0,-0.6529,-0.0011,-0.7574,0,0.6503,0.0233,0.0001,1]},
{"frame":68,"values":[-0.7836,0.0014,0.6212,0,0.0004,1,-0.0017,0,-0.6212,-0.0011,-0.7836,0,0.6503,0.0233,0.0001,1]},
{"frame":69,"values":[-0.8088,0.0014,0.588,0,0.0005,1,-0.0017,0,-0.588,-0.0011,-0.8088,0,0.6503,0.0233,0.0001,1]},
{"frame":70,"values":[-0.8328,0.0014,0.5536,0,0.0006,1,-0.0017,0,-0.5536,-0.0011,-0.8328,0,0.6503,0.0233,0.0001,1]},
{"frame":71,"values":[-0.8552,0.0014,0.5182,0,0.0006,1,-0.0016,0,-0.5182,-0.0011,-0.8552,0,0.6503,0.0233,0.0001,1]},
{"frame":72,"values":[-0.8761,0.0014,0.4822,0,0.0007,1,-0.0016,0,-0.4822,-0.0011,-0.8761,0,0.6503,0.0233,0.0001,1]},
{"frame":73,"values":[-0.8952,0.0014,0.4457,0,0.0008,1,-0.0016,0,-0.4457,-0.0011,-0.8952,0,0.6503,0.0233,0.0001,1]},
{"frame":74,"values":[-0.9125,0.0014,0.4091,0,0.0008,1,-0.0015,0,-0.4091,-0.0011,-0.9125,0,0.6503,0.0233,0.0001,1]},
{"frame":75,"values":[-0.9279,0.0014,0.3728,0,0.0009,1,-0.0015,0,-0.3728,-0.0011,-0.9279,0,0.6503,0.0233,0.0001,1]},
{"frame":76,"values":[-0.9415,0.0014,0.337,0,0.0009,1,-0.0015,0,-0.337,-0.0011,-0.9415,0,0.6503,0.0233,0.0001,1]},
{"frame":77,"values":[-0.9533,0.0014,0.3021,0,0.001,1,-0.0014,0,-0.3021,-0.0011,-0.9533,0,0.6503,0.0233,0.0001,1]},
{"frame":78,"values":[-0.9633,0.0014,0.2683,0,0.001,1,-0.0014,0,-0.2683,-0.0011,-0.9633,0,0.6503,0.0233,0.0001,1]},
{"frame":79,"values":[-0.9718,0.0014,0.2359,0,0.0011,1,-0.0014,0,-0.2359,-0.0011,-0.9718,0,0.6503,0.0233,0.0001,1]},
{"frame":80,"values":[-0.9787,0.0014,0.2053,0,0.0011,1,-0.0013,0,-0.2053,-0.0011,-0.9787,0,0.6503,0.0233,0.0001,1]},
{"frame":81,"values":[-0.9843,0.0014,0.1766,0,0.0012,1,-0.0013,0,-0.1766,-0.0011,-0.9843,0,0.6503,0.0233,0.0001,1]},
{"frame":82,"values":[-0.9887,0.0014,0.1502,0,0.0012,1,-0.0013,0,-0.1502,-0.0011,-0.9887,0,0.6503,0.0233,0.0001,1]},
{"frame":83,"values":[-0.992,0.0014,0.1261,0,0.0012,1,-0.0012,0,-0.1261,-0.0011,-0.992,0,0.6503,0.0233,0.0001,1]},
{"frame":84,"values":[-0.9945,0.0014,0.1047,0,0.0013,1,-0.0012,0,-0.1047,-0.0011,-0.9945,0,0.6503,0.0233,0.0001,1]},
{"frame":85,"values":[-0.9963,0.0014,0.086,0,0.0013,1,-0.0012,0,-0.086,-0.0011,-0.9963,0,0.6503,0.0233,0.0001,1]},
{"frame":86,"values":[-0.9975,0.0014,0.0704,0,0.0013,1,-0.0012,0,-0.0704,-0.0011,-0.9975,0,0.6503,0.0233,0.0001,1]},
{"frame":87,"values":[-0.9983,0.0014,0.0579,0,0.0013,1,-0.0012,0,-0.0579,-0.0011,-0.9983,0,0.6503,0.0233,0.0001,1]},
{"frame":88,"values":[-0.9988,0.0014,0.0488,0,0.0013,1,-0.0011,0,-0.0488,-0.0011,-0.9988,0,0.6503,0.0233,0.0001,1]},
{"frame":89,"values":[-0.9991,0.0014,0.0432,0,0.0013,1,-0.0011,0,-0.0432,-0.0011,-0.9991,0,0.6503,0.0233,0.0001,1]},
{"frame":90,"values":[-0.9991,0.0014,0.0413,0,0.0013,1,-0.0011,0,-0.0413,-0.0011,-0.9991,0,0.6503,0.0233,0.0001,1]}],"loopBehavior":1,"name":"anim","property":"_matrix"}}]
,"ranges":[{"name":"PedalingAnimation","from":0,"to":41},{"name":"SteeringAnimation","from":50,"to":90}]}],
"meshes":[{"name":"Bicycle","id":"Bicycle","billboardMode":0,"position":[0,0,0],"rotation":[0,0,0],"scaling":[1,1,1],"isVisible":true,"freezeWorldMatrix":false,"isEnabled":true,"checkCollisions":false,"receiveShadows":false,"pickable":true,"tags":"","skeletonId":0,"numBoneInfluencers":4
,"positions":[0.5325,1.3566,0.0284,-0.3653,1.2933,0.0194,-0.3663,1.3152,0.0284,0.5335,1.3347,0.0194,-0.3649,1.2843,-0.0025,-0.3653,1.2933,0.0194,-0.3649,1.2843,-0.0025,0.5335,1.3347,-0.0244,-0.3653,1.2933,-0.0244,0.5335,1.3347,-0.0244,-0.3663,1.3152,-0.0334,-0.3653,1.2933,-0.0244,0.5325,1.3566,-0.0334,-0.3673,1.3371,-0.0244,-0.3663,1.3152,-0.0334,0.5315,1.3785,-0.0244,-0.3677,1.3461,-0.0025
,-0.3673,1.3371,-0.0244,0.5325,1.3566,-0.0334,0.5335,1.3347,-0.0244,0.5335,1.3347,0.0194,0.5311,1.3875,-0.0025,-0.3673,1.3371,0.0194,-0.3677,1.3461,-0.0025,-0.3673,1.3371,0.0194,0.5325,1.3566,0.0284,-0.3663,1.3152,0.0284,-0.3673,1.3371,-0.0244,-0.3677,1.3461,-0.0025,-0.3673,1.3371,0.0194,-0.4044,1.3453,0.0262,-0.1557,0.4188,0.0178,-0.4239,1.3396,0.0178,-0.1557,0.4188,0.0178
,-0.432,1.3372,-0.0025,-0.4239,1.3396,0.0178,-0.1571,0.4184,-0.0059,-0.4239,1.3396,-0.0228,-0.432,1.3372,-0.0025,-0.151,0.4202,-0.0212,-0.4044,1.3453,-0.0312,-0.4239,1.3396,-0.0228,-0.4044,1.3453,-0.0312,-0.1215,0.4288,-0.0212,-0.3849,1.351,-0.0228,-0.3849,1.351,-0.0228,-0.1154,0.4306,-0.0059,-0.3768,1.3533,-0.0025,-0.1154,0.4306,-0.0059,-0.1362,0.4245,-0.0276,-0.1571,0.4184,-0.0059
,-0.3768,1.3533,-0.0025,-0.1167,0.4302,0.0178,-0.3849,1.351,0.0178,-0.1167,0.4302,0.0178,-0.4044,1.3453,0.0262,-0.3849,1.351,0.0178,-0.3889,1.3498,0.0136,-0.4356,1.5337,-0.0025,-0.3825,1.3517,-0.0025,-0.4199,1.3408,0.0136,-0.4044,1.3453,0.0262,-0.4239,1.3396,0.0178,-0.4263,1.3389,-0.0025,-0.4239,1.3396,0.0178,-0.432,1.3372,-0.0025,-0.4239,1.3396,-0.0228,-0.4199,1.3408,-0.0186
,-0.4044,1.3453,-0.0312,-0.4044,1.3453,-0.0253,-0.3889,1.3498,-0.0186,-0.4044,1.3453,-0.0312,-0.3849,1.351,-0.0228,-0.3825,1.3517,-0.0025,-0.3849,1.351,-0.0228,-0.3768,1.3533,-0.0025,-0.3825,1.3517,-0.0025,-0.3849,1.351,0.0178,-0.3889,1.3498,0.0136,-0.3889,1.3498,0.0136,-0.4044,1.3453,0.0262,-0.4044,1.3453,0.0203,-0.442,1.5319,-0.0186,-0.4356,1.5337,-0.0025,-0.442,1.5319,0.0136
,-0.3889,1.3498,-0.0186,-0.4575,1.5274,-0.0253,-0.4044,1.3453,-0.0253,-0.4263,1.3389,-0.0025,-0.473,1.5228,-0.0186,-0.4794,1.521,-0.0025,-0.4199,1.3408,0.0136,-0.4575,1.5274,0.0203,-0.4044,1.3453,0.0203,-0.4044,1.3453,0.0203,-0.442,1.5319,0.0136,-0.3889,1.3498,0.0136,-0.3889,1.3498,-0.0186,-0.4356,1.5337,-0.0025,-0.442,1.5319,-0.0186,-0.4044,1.3453,-0.0253,-0.473,1.5228,-0.0186
,-0.4199,1.3408,-0.0186,-0.4263,1.3389,-0.0025,-0.473,1.5228,0.0136,-0.4199,1.3408,0.0136,0.5983,1.2557,0.0212,-0.12,0.4146,0.0143,-0.1326,0.4257,0.0212,-0.12,0.4146,0.0143,0.6161,1.2401,-0.0025,-0.1148,0.41,-0.0025,0.6161,1.2401,-0.0025,-0.12,0.4146,-0.0193,-0.1148,0.41,-0.0025,0.6109,1.2447,-0.0193,-0.1326,0.4257,-0.0262,-0.12,0.4146,-0.0193,0.5983,1.2557,-0.0262
,-0.1452,0.4368,-0.0193,-0.1326,0.4257,-0.0262,-0.1452,0.4368,-0.0193,0.5805,1.2714,-0.0025,-0.1504,0.4414,-0.0025,0.5983,1.2557,-0.0262,0.6109,1.2447,-0.0193,0.6109,1.2447,0.0143,-0.1504,0.4414,-0.0025,0.5857,1.2668,0.0143,-0.1452,0.4368,0.0143,-0.1452,0.4368,0.0143,0.5983,1.2557,0.0212,-0.1326,0.4257,0.0212,-0.1452,0.4368,-0.0193,-0.1504,0.4414,-0.0025,-0.1452,0.4368,0.0143
,0.5458,1.4877,-0.0238,0.5542,1.4903,-0.0025,0.5458,1.4877,0.0188,0.5458,1.4877,0.0188,0.6392,1.105,0.0276,0.5254,1.4815,0.0276,0.6681,1.1138,-0.0025,0.5458,1.4877,0.0188,0.5542,1.4903,-0.0025,0.6596,1.1112,-0.0238,0.5542,1.4903,-0.0025,0.5458,1.4877,-0.0238,0.6392,1.105,-0.0326,0.5458,1.4877,-0.0238,0.5254,1.4815,-0.0326,0.6188,1.0989,-0.0238,0.5254,1.4815,-0.0326
,0.505,1.4754,-0.0238,0.4965,1.4728,-0.0025,0.6188,1.0989,-0.0238,0.505,1.4754,-0.0238,0.6188,1.0989,0.0188,0.4965,1.4728,-0.0025,0.505,1.4754,0.0188,0.6392,1.105,0.0276,0.505,1.4754,0.0188,0.5254,1.4815,0.0276,0.7001,1.468,-0.1957,0.6055,1.4611,-0.2013,0.6055,1.4747,-0.1957,0.7001,1.4544,-0.2013,0.6055,1.4555,-0.215,0.6055,1.4611,-0.2013,0.6055,1.4555,-0.215
,0.7001,1.4544,-0.2286,0.6055,1.4611,-0.2286,0.6055,1.4611,-0.2286,0.7001,1.468,-0.2342,0.6055,1.4747,-0.2342,0.6055,1.4747,-0.2342,0.7001,1.4816,-0.2286,0.6055,1.4883,-0.2286,0.6055,1.4883,-0.2286,0.7001,1.4872,-0.215,0.6055,1.494,-0.215,0.7001,1.4872,-0.215,0.6055,1.4883,-0.2013,0.6055,1.494,-0.215,0.7001,1.4816,-0.2013,0.6055,1.4747,-0.1957,0.6055,1.4883,-0.2013
,0.6055,1.4611,-0.2286,0.5795,1.4555,-0.2024,0.6055,1.4555,-0.215,0.7001,1.4816,-0.2286,0.7823,1.4301,-0.215,0.7001,1.4872,-0.215,0.753,1.4152,-0.2013,0.7736,1.3369,-0.1957,0.7603,1.3395,-0.2013,0.7001,1.4544,-0.2286,0.7651,1.4214,-0.2342,0.7001,1.468,-0.2342,0.7001,1.4487,-0.215,0.753,1.4152,-0.2013,0.748,1.4126,-0.215,0.7001,1.4816,-0.2013,0.7823,1.4301,-0.215
,0.7773,1.4275,-0.2013,0.7001,1.468,-0.2342,0.7773,1.4275,-0.2286,0.7001,1.4816,-0.2286,0.7001,1.4487,-0.215,0.753,1.4152,-0.2286,0.7001,1.4544,-0.2286,0.7001,1.4544,-0.2013,0.7651,1.4214,-0.1957,0.753,1.4152,-0.2013,0.7001,1.468,-0.1957,0.7773,1.4275,-0.2013,0.7651,1.4214,-0.1957,0.7925,1.3332,-0.215,0.722,1.2526,-0.2013,0.787,1.3343,-0.2013,0.7651,1.4214,-0.1957
,0.787,1.3343,-0.2013,0.7736,1.3369,-0.1957,0.7773,1.4275,-0.2286,0.7925,1.3332,-0.215,0.7823,1.4301,-0.215,0.753,1.4152,-0.2286,0.7736,1.3369,-0.2342,0.7651,1.4214,-0.2342,0.748,1.4126,-0.215,0.7603,1.3395,-0.2013,0.7548,1.3406,-0.215,0.7773,1.4275,-0.2013,0.7925,1.3332,-0.215,0.787,1.3343,-0.2013,0.7651,1.4214,-0.2342,0.787,1.3343,-0.2286,0.7773,1.4275,-0.2286
,0.748,1.4126,-0.215,0.7603,1.3395,-0.2286,0.753,1.4152,-0.2286,0.7154,1.279,-0.2013,0.6243,1.2428,-0.215,0.7141,1.2845,-0.215,0.787,1.3343,-0.2286,0.7187,1.2658,-0.2342,0.722,1.2526,-0.2286,0.7603,1.3395,-0.2286,0.7141,1.2845,-0.215,0.7154,1.279,-0.2286,0.7736,1.3369,-0.1957,0.7154,1.279,-0.2013,0.7603,1.3395,-0.2013,0.787,1.3343,-0.2013,0.7187,1.2658,-0.1957
,0.7736,1.3369,-0.1957,0.7925,1.3332,-0.215,0.722,1.2526,-0.2286,0.7233,1.2471,-0.215,0.7736,1.3369,-0.2342,0.7154,1.279,-0.2286,0.7187,1.2658,-0.2342,0.7603,1.3395,-0.2013,0.7141,1.2845,-0.215,0.7548,1.3406,-0.215,0.6321,1.2252,-0.1957,0.6004,1.2018,-0.2065,0.5969,1.2095,-0.203,0.7233,1.2471,-0.215,0.6377,1.2128,-0.2013,0.722,1.2526,-0.2013,0.722,1.2526,-0.2286
,0.6321,1.2252,-0.2342,0.6377,1.2128,-0.2286,0.7154,1.279,-0.2286,0.6243,1.2428,-0.215,0.6266,1.2377,-0.2286,0.7187,1.2658,-0.1957,0.6266,1.2377,-0.2013,0.7154,1.279,-0.2013,0.722,1.2526,-0.2013,0.6321,1.2252,-0.1957,0.7187,1.2658,-0.1957,0.7233,1.2471,-0.215,0.6377,1.2128,-0.2286,0.64,1.2077,-0.215,0.7187,1.2658,-0.2342,0.6266,1.2377,-0.2286,0.6321,1.2252,-0.2342
,0.5969,1.2095,-0.2269,0.5935,1.2172,-0.2234,0.5921,1.2204,-0.215,0.6377,1.2128,-0.2286,0.6018,1.1986,-0.215,0.64,1.2077,-0.215,0.6266,1.2377,-0.2286,0.5969,1.2095,-0.2269,0.6321,1.2252,-0.2342,0.6243,1.2428,-0.215,0.5935,1.2172,-0.2065,0.5921,1.2204,-0.215,0.6377,1.2128,-0.2013,0.6018,1.1986,-0.215,0.6004,1.2018,-0.2065,0.6321,1.2252,-0.2342,0.6004,1.2018,-0.2234
,0.6377,1.2128,-0.2286,0.6243,1.2428,-0.215,0.5935,1.2172,-0.2234,0.6266,1.2377,-0.2286,0.6321,1.2252,-0.1957,0.5935,1.2172,-0.2065,0.6266,1.2377,-0.2013,0.6055,1.4883,-0.2286,0.5795,1.494,-0.2024,0.5673,1.4883,-0.2084,0.6055,1.4747,-0.2342,0.5673,1.4611,-0.2084,0.6055,1.4611,-0.2286,0.6055,1.494,-0.215,0.5917,1.4883,-0.1964,0.5795,1.494,-0.2024,0.6055,1.4555,-0.215
,0.5917,1.4611,-0.1964,0.6055,1.4611,-0.2013,0.6055,1.4747,-0.2342,0.5673,1.4883,-0.2084,0.5622,1.4747,-0.2109,0.6055,1.4883,-0.2013,0.5968,1.4747,-0.1939,0.5917,1.4883,-0.1964,0.6055,1.4611,-0.2013,0.5968,1.4747,-0.1939,0.6055,1.4747,-0.1957,0.6055,1.4611,0.2013,0.7001,1.468,0.1957,0.6055,1.4747,0.1957,0.6055,1.4555,0.215,0.7001,1.4544,0.2013,0.6055,1.4611,0.2013
,0.6055,1.4555,0.215,0.7001,1.4544,0.2286,0.7001,1.4487,0.215,0.6055,1.4611,0.2286,0.7,1.468,0.2342,0.7001,1.4544,0.2286,0.6055,1.4747,0.2342,0.7001,1.4816,0.2286,0.7,1.468,0.2342,0.6055,1.4883,0.2286,0.7001,1.4872,0.215,0.7001,1.4816,0.2286,0.6055,1.4883,0.2013,0.7001,1.4872,0.215,0.6055,1.494,0.215,0.6055,1.4747,0.1957,0.7001,1.4816,0.2013
,0.6055,1.4883,0.2013,0.5795,1.4555,0.2024,0.6055,1.4611,0.2286,0.6055,1.4555,0.215,0.7823,1.4301,0.215,0.7001,1.4816,0.2286,0.7001,1.4872,0.215,0.753,1.4152,0.2013,0.7736,1.3369,0.1957,0.7651,1.4214,0.1957,0.7651,1.4214,0.2342,0.7001,1.4544,0.2286,0.7,1.468,0.2342,0.7001,1.4487,0.215,0.753,1.4152,0.2013,0.7001,1.4544,0.2013,0.7001,1.4816,0.2013
,0.7823,1.4301,0.215,0.7001,1.4872,0.215,0.7773,1.4275,0.2286,0.7,1.468,0.2342,0.7001,1.4816,0.2286,0.753,1.4152,0.2286,0.7001,1.4487,0.215,0.7001,1.4544,0.2286,0.7001,1.4544,0.2013,0.7651,1.4214,0.1957,0.7001,1.468,0.1957,0.7001,1.468,0.1957,0.7773,1.4275,0.2013,0.7001,1.4816,0.2013,0.722,1.2526,0.2013,0.7925,1.3332,0.215,0.787,1.3343,0.2013
,0.7651,1.4214,0.1957,0.787,1.3343,0.2013,0.7773,1.4275,0.2013,0.7925,1.3332,0.215,0.7773,1.4275,0.2286,0.7823,1.4301,0.215,0.7736,1.3369,0.2342,0.753,1.4152,0.2286,0.7651,1.4214,0.2342,0.748,1.4126,0.215,0.7603,1.3395,0.2013,0.753,1.4152,0.2013,0.7773,1.4275,0.2013,0.7925,1.3332,0.215,0.7823,1.4301,0.215,0.787,1.3343,0.2286,0.7651,1.4214,0.2342
,0.7773,1.4275,0.2286,0.7603,1.3395,0.2286,0.748,1.4126,0.215,0.753,1.4152,0.2286,0.6243,1.2428,0.215,0.7154,1.279,0.2013,0.7141,1.2845,0.215,0.787,1.3343,0.2286,0.7187,1.2658,0.2342,0.7736,1.3369,0.2342,0.7603,1.3395,0.2286,0.7141,1.2845,0.215,0.7548,1.3406,0.215,0.7154,1.279,0.2013,0.7736,1.3369,0.1957,0.7603,1.3395,0.2013,0.7187,1.2658,0.1957
,0.787,1.3343,0.2013,0.7736,1.3369,0.1957,0.7925,1.3332,0.215,0.722,1.2526,0.2286,0.787,1.3343,0.2286,0.7736,1.3369,0.2342,0.7154,1.279,0.2286,0.7603,1.3395,0.2286,0.7141,1.2845,0.215,0.7603,1.3395,0.2013,0.7548,1.3406,0.215,0.6321,1.2252,0.1957,0.6004,1.2018,0.2065,0.6377,1.2128,0.2013,0.6377,1.2128,0.2013,0.7233,1.2471,0.215,0.722,1.2526,0.2013
,0.722,1.2526,0.2286,0.6321,1.2252,0.2342,0.7187,1.2658,0.2342,0.7154,1.279,0.2286,0.6243,1.2428,0.215,0.7141,1.2845,0.215,0.6266,1.2377,0.2013,0.7187,1.2658,0.1957,0.7154,1.279,0.2013,0.6321,1.2252,0.1957,0.722,1.2526,0.2013,0.7187,1.2658,0.1957,0.7233,1.2471,0.215,0.6377,1.2128,0.2286,0.722,1.2526,0.2286,0.7187,1.2658,0.2342,0.6266,1.2377,0.2286
,0.7154,1.279,0.2286,0.6011,1.1992,0.215,0.6004,1.2018,0.2065,0.5969,1.2095,0.203,0.64,1.2077,0.215,0.6002,1.202,0.2234,0.6377,1.2128,0.2286,0.6321,1.2252,0.2342,0.5935,1.2172,0.2234,0.6266,1.2377,0.2286,0.6243,1.2428,0.215,0.5935,1.2172,0.2065,0.6266,1.2377,0.2013,0.6004,1.2018,0.2065,0.64,1.2077,0.215,0.6377,1.2128,0.2013,0.6002,1.202,0.2234
,0.6321,1.2252,0.2342,0.6377,1.2128,0.2286,0.5935,1.2172,0.2234,0.6243,1.2428,0.215,0.6266,1.2377,0.2286,0.5935,1.2172,0.2065,0.6321,1.2252,0.1957,0.6266,1.2377,0.2013,0.6055,1.4883,0.2286,0.5795,1.494,0.2024,0.6055,1.494,0.215,0.5673,1.4611,0.2084,0.6055,1.4747,0.2342,0.6055,1.4611,0.2286,0.6055,1.494,0.215,0.5917,1.4883,0.1964,0.6055,1.4883,0.2013
,0.5917,1.4611,0.1964,0.6055,1.4555,0.215,0.6055,1.4611,0.2013,0.6055,1.4747,0.2342,0.5673,1.4883,0.2084,0.6055,1.4883,0.2286,0.6055,1.4883,0.2013,0.5968,1.4747,0.1939,0.6055,1.4747,0.1957,0.5968,1.4747,0.1939,0.6055,1.4611,0.2013,0.6055,1.4747,0.1957,0.5917,1.4611,-0.1964,0.5829,1.4555,-0.0162,0.5964,1.4611,-0.0158,0.5673,1.4611,-0.2084,0.5639,1.4747,-0.0169
,0.5695,1.4611,-0.0167,0.5795,1.494,-0.2024,0.5695,1.4883,-0.0167,0.5673,1.4883,-0.2084,0.5968,1.4747,-0.1939,0.5964,1.4883,-0.0158,0.5917,1.4883,-0.1964,0.5968,1.4747,-0.1939,0.5964,1.4611,-0.0158,0.602,1.4747,-0.0156,0.5795,1.4555,-0.2024,0.5695,1.4611,-0.0167,0.5829,1.4555,-0.0162,0.5673,1.4883,-0.2084,0.5639,1.4747,-0.0169,0.5622,1.4747,-0.2109,0.5917,1.4883,-0.1964
,0.5829,1.494,-0.0162,0.5795,1.494,-0.2024,0.5917,1.4611,0.1964,0.5829,1.4555,0.0157,0.5795,1.4555,0.2024,0.5673,1.4611,0.2084,0.5639,1.4747,0.0163,0.5622,1.4747,0.2109,0.5695,1.4883,0.0161,0.5795,1.494,0.2024,0.5673,1.4883,0.2084,0.5964,1.4883,0.0152,0.5968,1.4747,0.1939,0.5917,1.4883,0.1964,0.5968,1.4747,0.1939,0.5964,1.4611,0.0152,0.5917,1.4611,0.1964
,0.5795,1.4555,0.2024,0.5695,1.4611,0.0161,0.5673,1.4611,0.2084,0.5639,1.4747,0.0163,0.5673,1.4883,0.2084,0.5622,1.4747,0.2109,0.5829,1.494,0.0157,0.5917,1.4883,0.1964,0.5795,1.494,0.2024,0.8551,1.1182,-0.0124,1.0357,1.0896,0.0085,0.8551,1.1182,0.0085,1.0357,1.0896,-0.0124,1.1986,1.0066,0.0085,1.0357,1.0896,0.0085,1.1986,1.0066,-0.0124,1.3278,0.8774,0.0085
,1.1986,1.0066,0.0085,1.3278,0.8774,-0.0124,1.4108,0.7145,0.0085,1.3278,0.8774,0.0085,1.4108,0.7145,-0.0124,1.4394,0.5339,0.0085,1.4108,0.7145,0.0085,1.4394,0.5339,-0.0124,1.4108,0.3533,0.0085,1.4394,0.5339,0.0085,1.4108,0.3533,-0.0124,1.3278,0.1904,0.0085,1.4108,0.3533,0.0085,1.3278,0.1904,-0.0124,1.1986,0.0612,0.0085,1.3278,0.1904,0.0085,1.1986,0.0612,-0.0124
,1.0357,-0.0218,0.0085,1.1986,0.0612,0.0085,1.0357,-0.0218,-0.0124,0.8551,-0.0504,0.0085,1.0357,-0.0218,0.0085,0.8551,-0.0504,-0.0124,0.6746,-0.0218,0.0085,0.8551,-0.0504,0.0085,0.6746,-0.0218,-0.0124,0.5117,0.0612,0.0085,0.6746,-0.0218,0.0085,0.5117,0.0612,-0.0124,0.3824,0.1904,0.0085,0.5117,0.0612,0.0085,0.3824,0.1904,-0.0124,0.2994,0.3533,0.0085,0.3824,0.1904,0.0085
,0.2994,0.3533,-0.0124,0.2708,0.5339,0.0085,0.2994,0.3533,0.0085,0.2708,0.5339,-0.0124,0.2994,0.7145,0.0085,0.2708,0.5339,0.0085,0.2994,0.7145,-0.0124,0.3824,0.8774,0.0085,0.2994,0.7145,0.0085,0.3824,0.8774,-0.0124,0.5117,1.0066,0.0085,0.3824,0.8774,0.0085,0.8551,1.1182,-0.0124,0.6746,1.0896,-0.0124,0.849,1.0887,-0.0124,0.5117,1.0066,-0.0124,0.6746,1.0896,0.0085
,0.5117,1.0066,0.0085,0.6746,1.0896,0.0085,0.8551,1.1182,-0.0124,0.8551,1.1182,0.0085,0.849,1.0887,0.0085,0.6762,1.0614,0.0085,0.6746,1.0896,0.0085,1.3014,0.2009,-0.0124,1.3809,0.3568,0.0085,1.3014,0.2009,0.0085,1.3809,0.3568,-0.0124,1.4082,0.5296,0.0085,1.3809,0.3568,0.0085,1.3014,0.8582,-0.0124,1.1777,0.982,0.0085,1.3014,0.8582,0.0085,1.1777,0.0772,-0.0124
,1.3014,0.2009,0.0085,1.1777,0.0772,0.0085,1.3809,0.7024,0.0085,1.3014,0.8582,-0.0124,1.3014,0.8582,0.0085,0.849,1.0887,-0.0124,0.6762,1.0614,0.0085,0.849,1.0887,0.0085,1.0218,-0.0023,-0.0124,1.1777,0.0772,0.0085,1.0218,-0.0023,0.0085,0.5204,0.982,-0.0124,0.3966,0.8582,0.0085,0.5204,0.982,0.0085,0.6762,-0.0023,-0.0124,0.849,-0.0296,0.0085,0.6762,-0.0023,0.0085
,0.849,-0.0296,-0.0124,0.6746,-0.0218,-0.0124,0.8551,-0.0504,-0.0124,0.849,-0.0296,0.0085,1.0218,-0.0023,-0.0124,1.0218,-0.0023,0.0085,0.3172,0.7024,-0.0124,0.2898,0.5296,0.0085,0.3172,0.7024,0.0085,0.2898,0.5296,-0.0124,0.3172,0.3568,0.0085,0.2898,0.5296,0.0085,0.5203,0.0772,-0.0124,0.6762,-0.0023,0.0085,0.5203,0.0772,0.0085,0.6762,1.0614,-0.0124,0.5204,0.982,0.0085
,0.6762,1.0614,0.0085,0.8551,-0.0504,0.0085,0.6746,-0.0218,0.0085,0.849,-0.0296,0.0085,1.0218,1.0614,-0.0124,0.849,1.0887,0.0085,1.0218,1.0614,0.0085,0.3966,0.8582,-0.0124,0.3172,0.7024,0.0085,0.3966,0.8582,0.0085,0.3966,0.2009,-0.0124,0.5203,0.0772,0.0085,0.3966,0.2009,0.0085,0.3172,0.3568,-0.0124,0.3966,0.2009,0.0085,0.3172,0.3568,0.0085,1.1777,0.982,-0.0124
,1.0218,1.0614,0.0085,1.1777,0.982,0.0085,1.4082,0.5296,-0.0124,1.3809,0.7024,0.0085,1.4082,0.5296,0.0085,0.849,1.0887,-0.017,1.0218,1.0614,0.0121,0.849,1.0887,0.0121,1.0218,1.0614,-0.017,1.1777,0.982,0.0121,1.1777,0.982,-0.017,1.3014,0.8582,0.0121,1.3014,0.8582,-0.017,1.3809,0.7024,0.0121,1.3809,0.7024,-0.017,1.4082,0.5296,0.0121,1.4082,0.5296,-0.017
,1.3809,0.3568,0.0121,1.3809,0.3568,-0.017,1.3014,0.2009,0.0121,1.3014,0.2009,-0.017,1.1777,0.0772,0.0121,1.1777,0.0772,-0.017,1.0218,-0.0023,0.0121,1.0218,-0.0023,-0.017,0.849,-0.0296,0.0121,0.849,-0.0296,-0.017,0.6762,-0.0023,0.0121,0.6762,-0.0023,-0.017,0.5204,0.0772,0.0121,0.5204,0.0772,-0.017,0.3966,0.2009,0.0121,0.3966,0.2009,-0.017,0.3172,0.3568,0.0121
,0.3172,0.3568,-0.017,0.2898,0.5296,0.0121,0.2898,0.5296,-0.017,0.3172,0.7024,0.0121,0.2898,0.5296,0.0121,0.3172,0.7024,-0.017,0.3966,0.8582,0.0121,0.3966,0.8582,-0.017,0.5204,0.982,0.0121,0.849,1.0524,-0.017,1.0106,1.0268,-0.017,0.5204,0.982,-0.017,0.6762,1.0614,0.0121,0.6762,1.0614,-0.017,0.849,1.0524,0.0121,0.6875,1.0268,0.0121,1.272,0.2222,-0.017
,1.3463,0.368,0.0121,1.272,0.2222,0.0121,1.3463,0.368,-0.017,1.3719,0.5296,0.0121,1.272,0.8369,-0.017,1.1564,0.9526,0.0121,1.272,0.8369,0.0121,1.1564,0.1066,-0.017,1.1564,0.1066,0.0121,1.3463,0.6911,-0.017,1.3463,0.6911,0.0121,0.6875,1.0268,0.0121,0.849,1.0524,0.0121,1.0106,0.0323,-0.017,1.0106,0.0323,0.0121,0.5417,0.9526,0.0121,0.426,0.8369,-0.017
,0.426,0.8369,0.0121,0.6875,0.0323,-0.017,0.849,0.0067,0.0121,0.6875,0.0323,0.0121,0.849,0.0067,-0.017,0.3518,0.6911,-0.017,0.3262,0.5296,0.0121,0.3518,0.6911,0.0121,0.3262,0.5296,0.0121,0.3518,0.368,-0.017,0.3518,0.368,0.0121,0.5417,0.1066,-0.017,0.5417,0.1066,0.0121,0.6875,1.0268,-0.017,0.6875,1.0268,0.0121,0.849,0.0067,0.0121,1.0106,0.0323,0.0121
,0.849,1.0524,0.0121,1.0106,1.0268,0.0121,0.426,0.2222,-0.017,0.426,0.2222,0.0121,1.1564,0.9526,-0.017,1.3719,0.5296,-0.017,0.8436,1.0478,0.0014,0.8524,0.0154,-0.0074,0.8436,0.0154,0.0014,0.8524,1.0478,-0.0074,0.8436,0.0154,-0.0162,0.8524,0.0154,-0.0074,0.8436,1.0478,0.0014,0.8436,1.0478,-0.0162,0.8524,1.0478,-0.0074,0.8436,1.0478,-0.0162,0.8348,0.0154,-0.0074
,0.8436,0.0154,-0.0162,0.8348,1.0478,-0.0074,0.8436,0.0154,0.0014,0.8348,0.0154,-0.0074,0.8436,0.0154,0.0014,0.8436,0.0154,-0.0162,0.8348,0.0154,-0.0074,0.4921,0.8989,0.0014,1.2277,0.1743,-0.0074,1.2215,0.1681,0.0014,0.4983,0.9051,-0.0074,1.2215,0.1681,-0.0162,1.2277,0.1743,-0.0074,0.4983,0.9051,-0.0074,0.4858,0.8927,-0.0074,0.4921,0.8989,-0.0162,1.2215,0.1681,-0.0162
,0.4858,0.8927,-0.0074,1.2152,0.1619,-0.0074,0.4858,0.8927,-0.0074,1.2215,0.1681,0.0014,1.2152,0.1619,-0.0074,1.2277,0.1743,-0.0074,1.2152,0.1619,-0.0074,1.2215,0.1681,0.0014,0.3792,0.7453,0.0014,1.3257,0.3328,-0.0074,1.3221,0.3248,0.0014,0.3828,0.7533,-0.0074,1.3221,0.3248,-0.0162,1.3257,0.3328,-0.0074,0.3792,0.7453,0.0014,0.3792,0.7453,-0.0162,0.3828,0.7533,-0.0074
,1.3221,0.3248,-0.0162,0.3756,0.7373,-0.0074,1.3186,0.3167,-0.0074,0.3756,0.7373,-0.0074,1.3221,0.3248,0.0014,1.3186,0.3167,-0.0074,1.3221,0.3248,0.0014,1.3221,0.3248,-0.0162,1.3186,0.3167,-0.0074,0.3354,0.562,0.0014,1.3665,0.5077,-0.0074,1.3659,0.4989,0.0014,0.3359,0.5708,-0.0074,1.3659,0.4989,-0.0162,1.3665,0.5077,-0.0074,0.3359,0.5708,-0.0074,0.3349,0.5532,-0.0074
,0.3354,0.562,-0.0162,0.3354,0.562,-0.0162,1.3654,0.4901,-0.0074,1.3659,0.4989,-0.0162,1.3654,0.4901,-0.0074,0.3354,0.562,0.0014,1.3659,0.4989,0.0014,1.3665,0.5077,-0.0074,1.3654,0.4901,-0.0074,1.3659,0.4989,0.0014,0.3526,0.38,0.0014,1.3338,0.7015,-0.0074,1.3365,0.6931,0.0014,0.35,0.3884,-0.0074,1.3365,0.6931,-0.0162,1.3338,0.7015,-0.0074,0.3526,0.38,0.0014
,0.3526,0.38,-0.0162,0.35,0.3884,-0.0074,1.3365,0.6931,-0.0162,0.3553,0.3716,-0.0074,1.3391,0.6848,-0.0074,0.3553,0.3716,-0.0074,1.3365,0.6931,0.0014,1.3391,0.6848,-0.0074,1.3365,0.6931,0.0014,1.3365,0.6931,-0.0162,1.3391,0.6848,-0.0074,0.4694,0.1795,0.0014,1.229,0.8788,-0.0074,1.2349,0.8723,0.0014,0.4635,0.186,-0.0074,1.2349,0.8723,-0.0162,1.229,0.8788,-0.0074
,0.4694,0.1795,0.0014,0.4694,0.1795,-0.0162,0.4635,0.186,-0.0074,0.4694,0.1795,-0.0162,1.2408,0.8658,-0.0074,1.2349,0.8723,-0.0162,1.2408,0.8658,-0.0074,0.4694,0.1795,0.0014,1.2349,0.8723,0.0014,1.2349,0.8723,0.0014,1.2349,0.8723,-0.0162,1.2408,0.8658,-0.0074,1.0621,1.0041,0.0014,0.6434,0.0603,-0.0074,1.054,1.0076,-0.0074,1.054,1.0076,-0.0074,0.6515,0.0568,-0.0162
,1.0621,1.0041,-0.0162,0.6434,0.0603,-0.0074,0.6595,0.0533,-0.0074,0.6515,0.0568,-0.0162,1.0621,1.0041,-0.0162,0.6595,0.0533,-0.0074,1.0701,1.0006,-0.0074,1.0701,1.0006,-0.0074,0.6515,0.0568,0.0014,1.0621,1.0041,0.0014,1.0621,1.0041,0.0014,1.0621,1.0041,-0.0162,1.0701,1.0006,-0.0074,0.6633,1.1123,-0.0122,0.6683,1.0714,-0.0193,0.66,1.1113,-0.0063,0.6339,1.0579,-0.0193
,0.6161,1.098,-0.0146,0.6185,1.0988,-0.0063,0.6511,1.0646,-0.0136,0.6185,1.0988,-0.0063,0.6392,1.105,-0.002,0.6268,1.0551,-0.0275,0.6203,1.0991,-0.0204,0.6161,1.098,-0.0146,0.6595,1.1112,-0.0239,0.6754,1.0742,-0.0275,0.6633,1.1123,-0.0122,0.6683,1.0714,-0.0193,0.6392,1.105,-0.002,0.66,1.1113,-0.0063,0.6386,1.1049,-0.0324,0.6683,1.0714,-0.0367,0.6595,1.1112,-0.0239
,0.6339,1.0579,-0.0367,0.6386,1.1049,-0.0324,0.6203,1.0991,-0.0204,0.8511,0.539,-0.0426,0.7622,0.7936,-0.0378,0.7495,0.7886,-0.0419,0.7622,0.7936,-0.0249,0.8656,0.5463,-0.0244,0.7495,0.7886,-0.0207,0.7369,0.7836,-0.0249,0.8372,0.5336,-0.0341,0.7316,0.7816,-0.0309,0.8372,0.5336,-0.0341,0.7369,0.7836,-0.0378,0.7316,0.7816,-0.0309,0.7622,0.7936,-0.0378,0.8649,0.5445,-0.0341
,0.7674,0.7956,-0.0309,0.7495,0.7886,-0.0207,0.8558,0.5425,-0.0277,0.7369,0.7836,-0.0249,0.8412,0.5352,-0.0394,0.7495,0.7886,-0.0419,0.7369,0.7836,-0.0378,0.7674,0.7956,-0.0309,0.8754,0.5502,-0.0277,0.7622,0.7936,-0.0249,0.7674,0.7956,-0.0309,0.6683,1.0714,-0.0193,0.6754,1.0742,-0.0275,0.6339,1.0579,-0.0367,0.7495,0.7886,-0.0419,0.6511,1.0646,-0.0423,0.7495,0.7886,-0.0207
,0.6339,1.0579,-0.0193,0.6511,1.0646,-0.0136,0.6683,1.0714,-0.0367,0.7674,0.7956,-0.0309,0.6754,1.0742,-0.0275,0.6268,1.0551,-0.0275,0.7369,0.7836,-0.0378,0.6339,1.0579,-0.0367,0.7369,0.7836,-0.0249,0.6268,1.0551,-0.0275,0.6339,1.0579,-0.0193,0.7622,0.7936,-0.0249,0.6511,1.0646,-0.0136,0.6683,1.0714,-0.0193,0.6511,1.0646,-0.0423,0.7622,0.7936,-0.0378,0.6683,1.0714,-0.0367
,0.6633,1.1123,0.0081,0.6683,1.0714,0.0153,0.6754,1.0742,0.0234,0.6161,1.098,0.0105,0.6339,1.0579,0.0153,0.6185,1.0988,0.0022,0.6185,1.0988,0.0022,0.6511,1.0646,0.0095,0.6392,1.105,-0.002,0.6203,1.0991,0.0163,0.6268,1.0551,0.0234,0.6161,1.098,0.0105,0.6595,1.1112,0.0198,0.6754,1.0742,0.0234,0.6683,1.0714,0.0327,0.6392,1.105,-0.002,0.6683,1.0714,0.0153
,0.66,1.1113,0.0022,0.6386,1.1049,0.0283,0.6683,1.0714,0.0327,0.6511,1.0646,0.0383,0.6386,1.1049,0.0283,0.6339,1.0579,0.0327,0.6203,1.0991,0.0163,0.7622,0.7936,0.0337,0.8511,0.539,0.0386,0.7495,0.7886,0.0379,0.7622,0.7936,0.0209,0.8656,0.5463,0.0204,0.7495,0.7886,0.0166,0.7369,0.7836,0.0209,0.8372,0.5336,0.0301,0.8558,0.5425,0.0237,0.7369,0.7836,0.0337
,0.8372,0.5336,0.0301,0.7316,0.7816,0.0269,0.7622,0.7936,0.0337,0.8649,0.5445,0.0301,0.8609,0.5429,0.0354,0.7495,0.7886,0.0166,0.8558,0.5425,0.0237,0.8656,0.5463,0.0204,0.7495,0.7886,0.0379,0.8412,0.5352,0.0354,0.7369,0.7836,0.0337,0.7674,0.7956,0.0269,0.8754,0.5502,0.0237,0.8649,0.5445,0.0301,0.6683,1.0714,0.0153,0.7674,0.7956,0.0269,0.6754,1.0742,0.0234
,0.6339,1.0579,0.0327,0.7495,0.7886,0.0379,0.7369,0.7836,0.0337,0.6339,1.0579,0.0153,0.7495,0.7886,0.0166,0.6511,1.0646,0.0095,0.6683,1.0714,0.0327,0.7674,0.7956,0.0269,0.7622,0.7936,0.0337,0.6268,1.0551,0.0234,0.7369,0.7836,0.0337,0.7316,0.7816,0.0269,0.6268,1.0551,0.0234,0.7369,0.7836,0.0209,0.6339,1.0579,0.0153,0.6511,1.0646,0.0095,0.7622,0.7936,0.0209
,0.6683,1.0714,0.0153,0.6511,1.0646,0.0383,0.7622,0.7936,0.0337,0.7495,0.7886,0.0379,-0.3806,1.312,-0.01,-0.3773,1.3107,-0.0124,-0.8641,0.5155,-0.0523,-0.3773,1.3107,-0.0124,-0.3764,1.3109,-0.0166,-0.8621,0.5159,-0.0607,-0.3774,1.3126,-0.0243,-0.3793,1.3141,-0.0278,-0.8661,0.519,-0.0677,-0.3831,1.3162,-0.0286,-0.3868,1.3182,-0.0293,-0.8661,0.519,-0.0677,-0.3901,1.3195,-0.0269
,-0.3934,1.3208,-0.0245,-0.8735,0.523,-0.0692,-0.3944,1.3206,-0.0203,-0.3953,1.3205,-0.0161,-0.8801,0.5256,-0.0644,-0.3764,1.3109,-0.0166,-0.3877,1.3153,-0.0083,-0.3944,1.3206,-0.0203,-0.3934,1.3189,-0.0126,-0.3914,1.3174,-0.0091,-0.882,0.5253,-0.056,-0.3877,1.3153,-0.0083,-0.3839,1.3133,-0.0075,-0.8707,0.5181,-0.0474,-0.8641,0.5155,-0.0523,-0.8661,0.519,-0.0677,-0.8801,0.5256,-0.0644
,-0.8641,0.5155,0.0429,-0.3839,1.3133,-0.0019,-0.8707,0.5181,0.038,-0.8621,0.5159,0.0513,-0.3773,1.3107,0.003,-0.8641,0.5155,0.0429,-0.8661,0.519,0.0583,-0.3754,1.311,0.0114,-0.8621,0.5159,0.0513,-0.8661,0.519,0.0583,-0.3868,1.3182,0.0199,-0.3793,1.3141,0.0184,-0.8735,0.523,0.0598,-0.3934,1.3208,0.0151,-0.3868,1.3182,0.0199,-0.8801,0.5256,0.0549,-0.3953,1.3205,0.0067
,-0.3934,1.3208,0.0151,-0.3754,1.311,0.0114,-0.3868,1.3182,0.0199,-0.3953,1.3205,0.0067,-0.882,0.5253,0.0466,-0.3914,1.3174,-0.0003,-0.3953,1.3205,0.0067,-0.8707,0.5181,0.038,-0.3914,1.3174,-0.0003,-0.8781,0.5222,0.0395,-0.8661,0.519,0.0583,-0.8621,0.5159,0.0513,-0.8641,0.5155,0.0429,-0.8647,1.1182,-0.0124,-0.6842,1.0896,0.0085,-0.8647,1.1182,0.0085,-0.6842,1.0896,-0.0124
,-0.5213,1.0066,0.0085,-0.6842,1.0896,0.0085,-0.5213,1.0066,-0.0124,-0.392,0.8774,0.0085,-0.5213,1.0066,0.0085,-0.392,0.8774,-0.0124,-0.309,0.7145,0.0085,-0.392,0.8774,0.0085,-0.309,0.7145,-0.0124,-0.2804,0.5339,0.0085,-0.309,0.7145,0.0085,-0.2804,0.5339,-0.0124,-0.309,0.3533,0.0085,-0.2804,0.5339,0.0085,-0.309,0.3533,-0.0124,-0.392,0.1904,0.0085,-0.309,0.3533,0.0085
