{"producer":{"name":"Blender","version":"2.90.1","exporter_version":"6.4.5","file":"joe.babylon"},
"autoClear":true,"clearColor":[0.0509,0.0509,0.0509],"gravity":[0,-9.81,0],
"materials":[{"name":"Pal","id":"Pal","customType":"BABYLON.PBRMaterial","backFaceCulling":true,"checkReadyOnlyOnce":false,"maxSimultaneousLights":4,"environmentIntensity":1,"roughness":0.2,"alpha":1,"transparencyMode":0,"alphaCutOff":0.4, 
"albedoTexture":{"name":"pal.png","level":1,"hasAlpha":true,"coordinatesMode":0,"uOffset":0,"vOffset":0,"uScale":1,"vScale":1,"uAng":0,"vAng":0,"wAng":0,"wrapU":1,"wrapV":1,"coordinatesIndex":0},"useAlphaFromAlbedoTexture":true}],
"multiMaterials":[],
"skeletons":[{"name":"Armature","id":0,"dimensionsAtRest":[8.9729,10.0044,1.0733],"bones":[
{"name":"mixamorig:Hips","index":0,"matrix":[1,-0.0001,0,0,0.0001,1,0,0,0,0,-1,0,0.0004,5.311,-0.004,1],"rest":[1,0,0,0,0,1,0,0,0,0,-1,0,0,5.259,1.0644,1],"parentBoneIndex":-1,"length":0.4168
,"animation":{"dataType":3,"framePerSecond":30,"keys":[
{"frame":1,"values":[1,-0.0001,0,0,0.0001,1,0,0,0,0,-1,0,0.0004,5.311,-0.004,1]},
{"frame":2,"values":[1,-0.0001,0,0,0.0001,1,0,0,0,0,-1,0,0.0004,5.311,-0.004,1]}],"loopBehavior":1,"name":"anim","property":"_matrix"}},
{"name":"mixamorig:Spine","index":1,"matrix":[1,0.0001,0,0,-0.0001,0.9929,-0.1188,0,0,0.1188,0.9929,0,0,0.4248,-0.0508,1],"rest":[1,0,0,0,0,0.9929,-0.1188,0,0,0.1188,0.9929,0,0,0.4248,-0.0508,1],"parentBoneIndex":0,"length":0.4992
,"animation":{"dataType":3,"framePerSecond":30,"keys":[
{"frame":1,"values":[1,0.0001,0,0,-0.0001,0.9929,-0.1188,0,0,0.1188,0.9929,0,0,0.4248,-0.0508,1]},
{"frame":2,"values":[1,0.0001,0,0,-0.0001,0.9929,-0.1188,0,0,0.1188,0.9929,0,0,0.4248,-0.0508,1]}],"loopBehavior":1,"name":"anim","property":"_matrix"}},
{"name":"mixamorig:Spine1","index":2,"matrix":[1,0,0,0,0,1,0,0,0,0,1,0,0,0.4992,0,1],"rest":[1,0,0,0,0,1,0,0,0,0,1,0,0,0.4992,0,1],"parentBoneIndex":1,"length":0.5705
,"animation":{"dataType":3,"framePerSecond":30,"keys":[
{"frame":1,"values":[1,0,0,0,0,1,0,0,0,0,1,0,0,0.4992,0,1]},
{"frame":2,"values":[1,0,0,0,0,1,0,0,0,0,1,0,0,0.4992,0,1]}],"loopBehavior":1,"name":"anim","property":"_matrix"}},
{"name":"mixamorig:Spine2","index":3,"matrix":[1,0,0,0,0,1,0,0,0,0,1,0,0,0.5705,0,1],"rest":[1,0,0,0,0,1,0,0,0,0,1,0,0,0.5705,0,1],"parentBoneIndex":2,"length":0.6443
,"animation":{"dataType":3,"framePerSecond":30,"keys":[
{"frame":1,"values":[1,0,0,0,0,1,0,0,0,0,1,0,0,0.5705,0,1]},
{"frame":2,"values":[1,0,0,0,0,1,0,0,0,0,1,0,0,0.5705,0,1]}],"loopBehavior":1,"name":"anim","property":"_matrix"}},
{"name":"mixamorig:Neck","index":4,"matrix":[1,0,0,0,0,0.9929,0.1188,0,0,-0.1188,0.9929,0,0,0.6418,0,1],"rest":[1,0,0,0,0,0.9929,0.1188,0,0,-0.1188,0.9929,0,0,0.6418,0,1],"parentBoneIndex":3,"length":0.4012
,"animation":{"dataType":3,"framePerSecond":30,"keys":[
{"frame":1,"values":[1,0,0,0,0,0.9929,0.1188,0,0,-0.1188,0.9929,0,0,0.6418,0,1]},
{"frame":2,"values":[1,0,0,0,0,0.9929,0.1188,0,0,-0.1188,0.9929,0,0,0.6418,0,1]}],"loopBehavior":1,"name":"anim","property":"_matrix"}},
{"name":"mixamorig:Head","index":5,"matrix":[1,0,0,0,0,1,0,0,0,0,1,0,0,0.3981,0.0494,1],"rest":[1,0,0,0,0,1,0,0,0,0,1,0,0,0.3981,0.0494,1],"parentBoneIndex":4,"length":1.1253
,"animation":{"dataType":3,"framePerSecond":30,"keys":[
{"frame":1,"values":[1,0,0,0,0,1,0,0,0,0,1,0,0,0.3981,0.0494,1]},
{"frame":2,"values":[1,0,0,0,0,1,0,0,0,0,1,0,0,0.3981,0.0494,1]}],"loopBehavior":1,"name":"anim","property":"_matrix"}},
{"name":"mixamorig:HeadTop_End","index":6,"matrix":[1,0,0,0,0,1,0,0,0,0,1,0,0,1.1167,0.1385,1],"rest":[1,0,0,0,0,1,0,0,0,0,1,0,0,1.1167,0.1385,1],"parentBoneIndex":5,"length":1.1253
,"animation":{"dataType":3,"framePerSecond":30,"keys":[
{"frame":1,"values":[1,0,0,0,0,1,0,0,0,0,1,0,0,1.1167,0.1385,1]},
{"frame":2,"values":[1,0,0,0,0,1,0,0,0,0,1,0,0,1.1167,0.1385,1]}],"loopBehavior":1,"name":"anim","property":"_matrix"}},
{"name":"mixamorig:LeftShoulder","index":7,"matrix":[-0.0299,-0.0004,-0.9996,0,0.9728,-0.2298,-0.029,0,-0.2297,-0.9732,0.0073,0,0.3118,0.5652,-0.0096,1],"rest":[-0.0304,-0.0003,-0.9995,0,0.9719,-0.2336,-0.0294,0,-0.2335,-0.9723,0.0074,0,0.3118,0.5652,-0.0096,1],"parentBoneIndex":3,"length":0.6431
,"animation":{"dataType":3,"framePerSecond":30,"keys":[
{"frame":1,"values":[-0.0299,-0.0004,-0.9996,0,0.9728,-0.2298,-0.029,0,-0.2297,-0.9732,0.0073,0,0.3118,0.5652,-0.0096,1]},
{"frame":2,"values":[-0.0299,-0.0004,-0.9996,0,0.9728,-0.2298,-0.029,0,-0.2297,-0.9732,0.0073,0,0.3118,0.5652,-0.0096,1]}],"loopBehavior":1,"name":"anim","property":"_matrix"}},
{"name":"mixamorig:LeftArm","index":8,"matrix":[0.9995,0.0314,0.0031,0,-0.0299,0.9728,-0.2297,0,-0.0102,0.2295,0.9733,0,0,0.6431,0,1],"rest":[0.9989,0.0463,0,0,-0.0454,0.9797,-0.1953,0,-0.009,0.1951,0.9807,0,0,0.6431,0,1],"parentBoneIndex":7,"length":1.349
,"animation":{"dataType":3,"framePerSecond":30,"keys":[
{"frame":1,"values":[0.9995,0.0314,0.0031,0,-0.0299,0.9728,-0.2297,0,-0.0102,0.2295,0.9733,0,0,0.6431,0,1]},
{"frame":2,"values":[0.9995,0.0314,0.0031,0,-0.0299,0.9728,-0.2297,0,-0.0102,0.2295,0.9733,0,0,0.6431,0,1]}],"loopBehavior":1,"name":"anim","property":"_matrix"}},
{"name":"mixamorig:LeftForeArm","index":9,"matrix":[1,0,0.0006,0,0,1,0,0,-0.0006,0,1,0,0,1.349,0,1],"rest":[0.9992,0.0389,0,0,-0.0389,0.9987,-0.0325,0,-0.0013,0.0325,0.9995,0,0,1.349,0,1],"parentBoneIndex":8,"length":1.1768
,"animation":{"dataType":3,"framePerSecond":30,"keys":[
{"frame":1,"values":[1,0,0.0006,0,0,1,0,0,-0.0006,0,1,0,0,1.349,0,1]},
{"frame":2,"values":[1,0,0.0006,0,0,1,0,0,-0.0006,0,1,0,0,1.349,0,1]}],"loopBehavior":1,"name":"anim","property":"_matrix"}},
{"name":"mixamorig:LeftHand","index":10,"matrix":[0.4706,0,-0.8824,0,0,1,0,0,0.8824,0,0.4706,0,0,1.1768,0,1],"rest":[0.4727,-0.0818,-0.8774,0,-0.0516,0.9914,-0.1202,0,0.8797,0.1021,0.4644,0,0,1.1768,0,1],"parentBoneIndex":9,"length":0.3243
,"animation":{"dataType":3,"framePerSecond":30,"keys":[
{"frame":1,"values":[0.4706,0,-0.8824,0,0,1,0,0,0.8824,0,0.4706,0,0,1.1768,0,1]},
{"frame":2,"values":[0.4706,0,-0.8824,0,0,1,0,0,0.8824,0,0.4706,0,0,1.1768,0,1]}],"loopBehavior":1,"name":"anim","property":"_matrix"}},
{"name":"mixamorig:LeftHandThumb1","index":11,"matrix":[0.8197,0.5728,-0.0077,0,-0.5703,0.8147,-0.1047,0,-0.0537,0.0902,0.9945,0,-0.0828,0.1979,0,1],"rest":[0.9462,0.3235,0,0,-0.3235,0.9462,0,0,0,0,1,0,-0.0828,0.1979,0,1],"parentBoneIndex":10,"length":0.1717
,"animation":{"dataType":3,"framePerSecond":30,"keys":[
{"frame":1,"values":[0.8197,0.5728,-0.0077,0,-0.5703,0.8147,-0.1047,0,-0.0537,0.0902,0.9945,0,-0.0828,0.1979,0,1]},
{"frame":2,"values":[0.8197,0.5728,-0.0077,0,-0.5703,0.8147,-0.1047,0,-0.0537,0.0902,0.9945,0,-0.0828,0.1979,0,1]}],"loopBehavior":1,"name":"anim","property":"_matrix"}},
{"name":"mixamorig:LeftHandThumb2","index":12,"matrix":[0.9982,0.0601,0.0007,0,-0.0601,0.9982,0,0,-0.0007,0,1,0,-0.0115,0.1713,0,1],"rest":[1,0,0,0,0,0.9998,0.0184,0,0,-0.0184,0.9998,0,-0.0115,0.1713,0,1],"parentBoneIndex":11,"length":0.1467
,"animation":{"dataType":3,"framePerSecond":30,"keys":[
{"frame":1,"values":[0.9982,0.0601,0.0007,0,-0.0601,0.9982,0,0,-0.0007,0,1,0,-0.0115,0.1713,0,1]},
{"frame":2,"values":[0.9982,0.0601,0.0007,0,-0.0601,0.9982,0,0,-0.0007,0,1,0,-0.0115,0.1713,0,1]}],"loopBehavior":1,"name":"anim","property":"_matrix"}},
{"name":"mixamorig:LeftHandThumb3","index":13,"matrix":[0.9907,0.1357,-0.0032,0,-0.1357,0.9907,0.0004,0,0.0032,0,1,0,-0.001,0.1467,0,1],"rest":[1,0,0,0,0,0.9987,0.0518,0,0,-0.0518,0.9987,0,-0.001,0.1467,0,1],"parentBoneIndex":12,"length":0.0967
,"animation":{"dataType":3,"framePerSecond":30,"keys":[
{"frame":1,"values":[0.9907,0.1357,-0.0032,0,-0.1357,0.9907,0.0004,0,0.0032,0,1,0,-0.001,0.1467,0,1]},
{"frame":2,"values":[0.9907,0.1357,-0.0032,0,-0.1357,0.9907,0.0004,0,0.0032,0,1,0,-0.001,0.1467,0,1]}],"loopBehavior":1,"name":"anim","property":"_matrix"}},
{"name":"mixamorig:LeftHandThumb4","index":14,"matrix":[1,0,0,0,0,1,0,0,0,0,1,0,0.0125,0.0959,0,1],"rest":[0.9994,0.0017,0.0352,0,-0.0015,1,-0.0046,0,-0.0352,0.0046,0.9994,0,0.0125,0.0959,0,1],"parentBoneIndex":13,"length":0.0967
,"animation":{"dataType":3,"framePerSecond":30,"keys":[
{"frame":1,"values":[1,0,0,0,0,1,0,0,0,0,1,0,0.0125,0.0959,0,1]},
{"frame":2,"values":[1,0,0,0,0,1,0,0,0,0,1,0,0.0125,0.0959,0,1]}],"loopBehavior":1,"name":"anim","property":"_matrix"}},
{"name":"mixamorig:LeftHandIndex1","index":15,"matrix":[0.9999,0.0114,-0.0072,0,-0.0114,0.9999,0.0001,0,0.0072,0,1,0,0,0.434,0,1],"rest":[0.9888,0.1493,0,0,-0.1487,0.9849,0.0888,0,0.0133,-0.0878,0.9961,0,0,0.434,0,1],"parentBoneIndex":10,"length":0.1988
,"animation":{"dataType":3,"framePerSecond":30,"keys":[
{"frame":1,"values":[0.9999,0.0114,-0.0072,0,-0.0114,0.9999,0.0001,0,0.0072,0,1,0,0,0.434,0,1]},
{"frame":2,"values":[0.9999,0.0114,-0.0072,0,-0.0114,0.9999,0.0001,0,0.0072,0,1,0,0,0.434,0,1]}],"loopBehavior":1,"name":"anim","property":"_matrix"}},
{"name":"mixamorig:LeftHandIndex2","index":16,"matrix":[0.9988,0.0482,-0.0027,0,-0.0482,0.9988,0.0002,0,0.0027,0,1,0,0.0022,0.1987,0,1],"rest":[1,0,0,0,0,0.9971,0.0759,0,0,-0.0759,0.9971,0,0.0023,0.1987,0,1],"parentBoneIndex":15,"length":0.1834
,"animation":{"dataType":3,"framePerSecond":30,"keys":[
{"frame":1,"values":[0.9988,0.0482,-0.0027,0,-0.0482,0.9988,0.0002,0,0.0027,0,1,0,0.0022,0.1987,0,1]},
{"frame":2,"values":[0.9988,0.0482,-0.0027,0,-0.0482,0.9988,0.0002,0,0.0027,0,1,0,0.0022,0.1987,0,1]}],"loopBehavior":1,"name":"anim","property":"_matrix"}},
{"name":"mixamorig:LeftHandIndex3","index":17,"matrix":[0.9841,-0.1773,-0.0081,0,0.1773,0.9841,-0.001,0,0.0081,-0.0005,1,0,0.0109,0.1831,0,1],"rest":[1,0,0,0,0,0.9633,-0.2686,0,0,0.2686,0.9633,0,0.0109,0.183,0,1],"parentBoneIndex":16,"length":0.1114
,"animation":{"dataType":3,"framePerSecond":30,"keys":[
{"frame":1,"values":[0.9841,-0.1773,-0.0081,0,0.1773,0.9841,-0.001,0,0.0081,-0.0005,1,0,0.0109,0.1831,0,1]},
{"frame":2,"values":[0.9841,-0.1773,-0.0081,0,0.1773,0.9841,-0.001,0,0.0081,-0.0005,1,0,0.0109,0.1831,0,1]}],"loopBehavior":1,"name":"anim","property":"_matrix"}},
{"name":"mixamorig:LeftHandIndex4","index":18,"matrix":[1,0,0,0,0,1,0,0,0,0,1,0,-0.0132,0.1106,0,1],"rest":[0.9994,-0.0062,0.0338,0,0.006,1,0.0042,0,-0.0338,-0.004,0.9994,0,-0.0132,0.1106,0,1],"parentBoneIndex":17,"length":0.1114
,"animation":{"dataType":3,"framePerSecond":30,"keys":[
{"frame":1,"values":[1,0,0,0,0,1,0,0,0,0,1,0,-0.0132,0.1106,0,1]},
{"frame":2,"values":[1,0,0,0,0,1,0,0,0,0,1,0,-0.0132,0.1106,0,1]}],"loopBehavior":1,"name":"anim","property":"_matrix"}},
{"name":"mixamorig:RightShoulder","index":19,"matrix":[-0.0268,0.0004,0.9996,0,-0.9728,-0.2302,-0.026,0,0.2301,-0.9732,0.0066,0,-0.3118,0.5651,-0.0087,1],"rest":[-0.0273,0.0003,0.9996,0,-0.9719,-0.2339,-0.0265,0,0.2338,-0.9723,0.0067,0,-0.3118,0.5651,-0.0087,1],"parentBoneIndex":3,"length":0.6431
,"animation":{"dataType":3,"framePerSecond":30,"keys":[
{"frame":1,"values":[-0.0268,0.0004,0.9996,0,-0.9728,-0.2302,-0.026,0,0.2301,-0.9732,0.0066,0,-0.3118,0.5651,-0.0087,1]},
{"frame":2,"values":[-0.0268,0.0004,0.9996,0,-0.9728,-0.2302,-0.026,0,0.2301,-0.9732,0.0066,0,-0.3118,0.5651,-0.0087,1]}],"loopBehavior":1,"name":"anim","property":"_matrix"}},
{"name":"mixamorig:RightArm","index":20,"matrix":[0.9996,-0.028,-0.0019,0,0.0268,0.9728,-0.2301,0,0.0083,0.2299,0.9732,0,0,0.6431,0,1],"rest":[0.9993,-0.0373,0,0,0.0366,0.9798,-0.1965,0,0.0073,0.1963,0.9805,0,0,0.6431,0,1],"parentBoneIndex":19,"length":1.3489
,"animation":{"dataType":3,"framePerSecond":30,"keys":[
{"frame":1,"values":[0.9996,-0.028,-0.0019,0,0.0268,0.9728,-0.2301,0,0.0083,0.2299,0.9732,0,0,0.6431,0,1]},
{"frame":2,"values":[0.9996,-0.028,-0.0019,0,0.0268,0.9728,-0.2301,0,0.0083,0.2299,0.9732,0,0,0.6431,0,1]}],"loopBehavior":1,"name":"anim","property":"_matrix"}},
{"name":"mixamorig:RightForeArm","index":21,"matrix":[1,0,-0.0008,0,0,1,0,0,0.0008,0,1,0,0,1.3489,0,1],"rest":[0.9988,-0.0487,0,0,0.0487,0.9983,-0.0313,0,0.0015,0.0313,0.9995,0,0,1.3489,0,1],"parentBoneIndex":20,"length":1.1771
,"animation":{"dataType":3,"framePerSecond":30,"keys":[
{"frame":1,"values":[1,0,-0.0008,0,0,1,0,0,0.0008,0,1,0,0,1.3489,0,1]},
{"frame":2,"values":[1,0,-0.0008,0,0,1,0,0,0.0008,0,1,0,0,1.3489,0,1]}],"loopBehavior":1,"name":"anim","property":"_matrix"}},
{"name":"mixamorig:RightHand","index":22,"matrix":[0.5213,0,0.8533,0,0,1,0,0,-0.8533,0,0.5213,0,0,1.1771,0,1],"rest":[0.5225,0.0761,0.8492,0,0.031,0.9937,-0.1081,0,-0.8521,0.0828,0.5169,0,0,1.1771,0,1],"parentBoneIndex":21,"length":0.3314
,"animation":{"dataType":3,"framePerSecond":30,"keys":[
{"frame":1,"values":[0.5213,0,0.8533,0,0,1,0,0,-0.8533,0,0.5213,0,0,1.1771,0,1]},
{"frame":2,"values":[0.5213,0,0.8533,0,0,1,0,0,-0.8533,0,0.5213,0,0,1.1771,0,1]}],"loopBehavior":1,"name":"anim","property":"_matrix"}},
{"name":"mixamorig:RightHandThumb1","index":23,"matrix":[0.8347,-0.5507,0.0036,0,0.5496,0.8326,-0.0691,0,0.0351,0.0597,0.9976,0,0.0839,0.209,0,1],"rest":[0.96,-0.2798,0,0,0.2798,0.96,0,0,0,0,1,0,0.0839,0.209,0,1],"parentBoneIndex":22,"length":0.1802
,"animation":{"dataType":3,"framePerSecond":30,"keys":[
{"frame":1,"values":[0.8347,-0.5507,0.0036,0,0.5496,0.8326,-0.0691,0,0.0351,0.0597,0.9976,0,0.0839,0.209,0,1]},
{"frame":2,"values":[0.8347,-0.5507,0.0036,0,0.5496,0.8326,-0.0691,0,0.0351,0.0597,0.9976,0,0.0839,0.209,0,1]}],"loopBehavior":1,"name":"anim","property":"_matrix"}},
{"name":"mixamorig:RightHandThumb2","index":24,"matrix":[0.9975,-0.0713,-0.0018,0,0.0713,0.9975,0,0,0.0018,-0.0002,1,0,0.0177,0.1793,0,1],"rest":[1,0,0,0,0,0.9996,0.0285,0,0,-0.0285,0.9996,0,0.0177,0.1793,0,1],"parentBoneIndex":23,"length":0.1401
,"animation":{"dataType":3,"framePerSecond":30,"keys":[
{"frame":1,"values":[0.9975,-0.0713,-0.0018,0,0.0713,0.9975,0,0,0.0018,-0.0002,1,0,0.0177,0.1793,0,1]},
{"frame":2,"values":[0.9975,-0.0713,-0.0018,0,0.0713,0.9975,0,0,0.0018,-0.0002,1,0,0.0177,0.1793,0,1]}],"loopBehavior":1,"name":"anim","property":"_matrix"}},
{"name":"mixamorig:RightHandThumb3","index":25,"matrix":[0.9542,-0.2991,-0.011,0,0.2991,0.9542,-0.0031,0,0.0114,-0.0003,0.9999,0,0.0038,0.1401,0,1],"rest":[1,0,0,0,0,0.9959,-0.0904,0,0,0.0904,0.9959,0,0.0038,0.1401,0,1],"parentBoneIndex":24,"length":0.0783
,"animation":{"dataType":3,"framePerSecond":30,"keys":[
{"frame":1,"values":[0.9542,-0.2991,-0.011,0,0.2991,0.9542,-0.0031,0,0.0114,-0.0003,0.9999,0,0.0038,0.1401,0,1]},
{"frame":2,"values":[0.9542,-0.2991,-0.011,0,0.2991,0.9542,-0.0031,0,0.0114,-0.0003,0.9999,0,0.0038,0.1401,0,1]}],"loopBehavior":1,"name":"anim","property":"_matrix"}},
{"name":"mixamorig:RightHandThumb4","index":26,"matrix":[1,0,0,0,0,1,0,0,0,0,1,0,-0.0214,0.0753,0,1],"rest":[0.9996,-0.0017,0.0277,0,0.0015,1,0.0079,0,-0.0277,-0.0079,0.9996,0,-0.0214,0.0753,0,1],"parentBoneIndex":25,"length":0.0783
,"animation":{"dataType":3,"framePerSecond":30,"keys":[
{"frame":1,"values":[1,0,0,0,0,1,0,0,0,0,1,0,-0.0214,0.0753,0,1]},
{"frame":2,"values":[1,0,0,0,0,1,0,0,0,0,1,0,-0.0214,0.0753,0,1]}],"loopBehavior":1,"name":"anim","property":"_matrix"}},
{"name":"mixamorig:RightHandIndex1","index":27,"matrix":[0.9965,-0.0832,-0.003,0,0.0832,0.9965,-0.0003,0,0.003,0,1,0,0,0.4375,0,1],"rest":[0.9929,-0.1185,0,0,0.1185,0.9925,-0.0298,0,0.0035,0.0296,0.9996,0,0,0.4375,0,1],"parentBoneIndex":22,"length":0.2123
,"animation":{"dataType":3,"framePerSecond":30,"keys":[
{"frame":1,"values":[0.9965,-0.0832,-0.003,0,0.0832,0.9965,-0.0003,0,0.003,0,1,0,0,0.4375,0,1]},
{"frame":2,"values":[0.9965,-0.0832,-0.003,0,0.0832,0.9965,-0.0003,0,0.003,0,1,0,0,0.4375,0,1]}],"loopBehavior":1,"name":"anim","property":"_matrix"}},
{"name":"mixamorig:RightHandIndex2","index":28,"matrix":[0.9707,0.24,-0.0072,0,-0.24,0.9708,0.0012,0,0.0073,0.0006,1,0,-0.0177,0.2116,0,1],"rest":[1,0,0,0,0,0.9819,0.1894,0,0,-0.1894,0.9819,0,-0.0177,0.2116,0,1],"parentBoneIndex":27,"length":0.1718
,"animation":{"dataType":3,"framePerSecond":30,"keys":[
{"frame":1,"values":[0.9707,0.24,-0.0072,0,-0.24,0.9708,0.0012,0,0.0073,0.0006,1,0,-0.0177,0.2116,0,1]},
{"frame":2,"values":[0.9707,0.24,-0.0072,0,-0.24,0.9708,0.0012,0,0.0073,0.0006,1,0,-0.0177,0.2116,0,1]}],"loopBehavior":1,"name":"anim","property":"_matrix"}},
{"name":"mixamorig:RightHandIndex3","index":29,"matrix":[0.9703,-0.242,0.0072,0,0.242,0.9703,0.0006,0,-0.0071,0.0011,1,0,0.0272,0.1696,0,1],"rest":[1,0,0,0,0,0.9815,-0.1914,0,0,0.1914,0.9815,0,0.0272,0.1696,0,1],"parentBoneIndex":28,"length":0.112
,"animation":{"dataType":3,"framePerSecond":30,"keys":[
{"frame":1,"values":[0.9703,-0.242,0.0072,0,0.242,0.9703,0.0006,0,-0.0071,0.0011,1,0,0.0272,0.1696,0,1]},
{"frame":2,"values":[0.9703,-0.242,0.0072,0,0.242,0.9703,0.0006,0,-0.0071,0.0011,1,0,0.0272,0.1696,0,1]}],"loopBehavior":1,"name":"anim","property":"_matrix"}},
{"name":"mixamorig:RightHandIndex4","index":30,"matrix":[1,0,0,0,0,1,0,0,0,0,1,0,-0.0096,0.1116,0,1],"rest":[0.9996,-0.0018,0.0269,0,0.0017,1,0.0023,0,-0.0269,-0.0023,0.9996,0,-0.0095,0.1116,0,1],"parentBoneIndex":29,"length":0.112
,"animation":{"dataType":3,"framePerSecond":30,"keys":[
{"frame":1,"values":[1,0,0,0,0,1,0,0,0,0,1,0,-0.0096,0.1116,0,1]},
{"frame":2,"values":[1,0,0,0,0,1,0,0,0,0,1,0,-0.0096,0.1116,0,1]}],"loopBehavior":1,"name":"anim","property":"_matrix"}},
{"name":"mixamorig:LeftUpLeg","index":31,"matrix":[-1,0.0151,0,0,-0.0152,-0.9999,0.0024,0,-0.0003,0.0024,1.0002,0,0.3367,-0.236,0.0086,1],"rest":[-0.9998,0.0177,0.0002,0,-0.0177,-0.9996,-0.0217,0,-0.0002,-0.0217,0.9998,0,0.3367,-0.236,0.0086,1],"parentBoneIndex":0,"length":2.2507
,"animation":{"dataType":3,"framePerSecond":30,"keys":[
{"frame":1,"values":[-1,0.0151,0,0,-0.0152,-0.9999,0.0024,0,-0.0003,0.0024,1.0002,0,0.3367,-0.236,0.0086,1]},
{"frame":2,"values":[-1,0.0151,0,0,-0.0152,-0.9999,0.0024,0,-0.0003,0.0024,1.0002,0,0.3367,-0.236,0.0086,1]}],"loopBehavior":1,"name":"anim","property":"_matrix"}},
{"name":"mixamorig:LeftLeg","index":32,"matrix":[0.9996,0.0295,-0.0004,0,-0.0294,0.9976,-0.0624,0,-0.0015,0.0624,0.9981,0,0,2.2507,0,1],"rest":[0.9996,0.0295,0,0,-0.0294,0.9983,-0.0506,0,-0.0015,0.0505,0.9987,0,0,2.2507,0,1],"parentBoneIndex":31,"length":2.4213
,"animation":{"dataType":3,"framePerSecond":30,"keys":[
{"frame":1,"values":[0.9996,0.0295,-0.0004,0,-0.0294,0.9976,-0.0624,0,-0.0015,0.0624,0.9981,0,0,2.2507,0,1]},
{"frame":2,"values":[0.9996,0.0295,-0.0004,0,-0.0294,0.9976,-0.0624,0,-0.0015,0.0624,0.9981,0,0,2.2507,0,1]}],"loopBehavior":1,"name":"anim","property":"_matrix"}},
{"name":"mixamorig:LeftFoot","index":33,"matrix":[0.9744,-0.0049,-0.2249,0,0.1991,0.4847,0.8517,0,0.1048,-0.8747,0.4733,0,0,2.4212,0,1],"rest":[0.9744,0.0001,-0.2249,0,0.1979,0.4746,0.8577,0,0.1068,-0.8802,0.4624,0,0,2.4213,0,1],"parentBoneIndex":32,"length":0.6292
,"animation":{"dataType":3,"framePerSecond":30,"keys":[
{"frame":1,"values":[0.9744,-0.0049,-0.2249,0,0.1991,0.4847,0.8517,0,0.1048,-0.8747,0.4733,0,0,2.4212,0,1]},
{"frame":2,"values":[0.9744,-0.0049,-0.2249,0,0.1991,0.4847,0.8517,0,0.1048,-0.8747,0.4733,0,0,2.4212,0,1]}],"loopBehavior":1,"name":"anim","property":"_matrix"}},
{"name":"mixamorig:LeftToeBase","index":34,"matrix":[0.9971,0.0001,0.0767,0,-0.0413,0.8437,0.5353,0,-0.0647,-0.5369,0.8412,0,0,0.6291,0,1],"rest":[0.9971,0.0001,0.0767,0,-0.0412,0.8437,0.5352,0,-0.0646,-0.5368,0.8413,0,0,0.6292,0,1],"parentBoneIndex":33,"length":0.262
,"animation":{"dataType":3,"framePerSecond":30,"keys":[
{"frame":1,"values":[0.9971,0.0001,0.0767,0,-0.0413,0.8437,0.5353,0,-0.0647,-0.5369,0.8412,0,0,0.6291,0,1]},
{"frame":2,"values":[0.9971,0.0001,0.0767,0,-0.0413,0.8437,0.5353,0,-0.0647,-0.5369,0.8412,0,0,0.6291,0,1]}],"loopBehavior":1,"name":"anim","property":"_matrix"}},
{"name":"mixamorig:LeftToe_End","index":35,"matrix":[1,0,0,0,0,1,0,0,0,0,1,0,0,0.2619,0,1],"rest":[1,0,0,0,0,1,0,0,0,0,1,0,0,0.262,0,1],"parentBoneIndex":34,"length":0.262
,"animation":{"dataType":3,"framePerSecond":30,"keys":[
{"frame":1,"values":[1,0,0,0,0,1,0,0,0,0,1,0,0,0.2619,0,1]},
{"frame":2,"values":[1,0,0,0,0,1,0,0,0,0,1,0,0,0.2619,0,1]}],"loopBehavior":1,"name":"anim","property":"_matrix"}},
{"name":"mixamorig:RightUpLeg","index":36,"matrix":[-0.9998,-0.0154,-0.0001,0,0.0154,-0.9999,0.0051,0,-0.0005,0.0051,0.9997,0,-0.3367,-0.236,0.0075,1],"rest":[-0.9998,-0.0177,-0.0008,0,0.0177,-0.9995,-0.0262,0,-0.0003,-0.0262,0.9997,0,-0.3367,-0.236,0.0075,1],"parentBoneIndex":0,"length":2.251
,"animation":{"dataType":3,"framePerSecond":30,"keys":[
{"frame":1,"values":[-0.9998,-0.0154,-0.0001,0,0.0154,-0.9999,0.0051,0,-0.0005,0.0051,0.9997,0,-0.3367,-0.236,0.0075,1]},
{"frame":2,"values":[-0.9998,-0.0154,-0.0001,0,0.0154,-0.9999,0.0051,0,-0.0005,0.0051,0.9997,0,-0.3367,-0.236,0.0075,1]}],"loopBehavior":1,"name":"anim","property":"_matrix"}},
{"name":"mixamorig:RightLeg","index":37,"matrix":[0.9996,-0.0295,0.0004,0,0.0295,0.9973,-0.0672,0,0.0016,0.0672,0.9977,0,0,2.251,0,1],"rest":[0.9996,-0.0295,0,0,0.0295,0.9985,-0.047,0,0.0014,0.047,0.9989,0,0,2.251,0,1],"parentBoneIndex":36,"length":2.4214
,"animation":{"dataType":3,"framePerSecond":30,"keys":[
{"frame":1,"values":[0.9996,-0.0295,0.0004,0,0.0295,0.9973,-0.0672,0,0.0016,0.0672,0.9977,0,0,2.251,0,1]},
{"frame":2,"values":[0.9996,-0.0295,0.0004,0,0.0295,0.9973,-0.0672,0,0.0016,0.0672,0.9977,0,0,2.251,0,1]}],"loopBehavior":1,"name":"anim","property":"_matrix"}},
{"name":"mixamorig:RightFoot","index":38,"matrix":[0.9753,0.005,0.2207,0,-0.1966,0.474,0.8583,0,-0.1003,-0.8805,0.4632,0,0,2.4214,0,1],"rest":[0.9754,0.0001,0.2204,0,-0.1952,0.465,0.8635,0,-0.1024,-0.8853,0.4536,0,0,2.4214,0,1],"parentBoneIndex":37,"length":0.6392
,"animation":{"dataType":3,"framePerSecond":30,"keys":[
{"frame":1,"values":[0.9753,0.005,0.2207,0,-0.1966,0.474,0.8583,0,-0.1003,-0.8805,0.4632,0,0,2.4214,0,1]},
{"frame":2,"values":[0.9753,0.005,0.2207,0,-0.1966,0.474,0.8583,0,-0.1003,-0.8805,0.4632,0,0,2.4214,0,1]}],"loopBehavior":1,"name":"anim","property":"_matrix"}},
{"name":"mixamorig:RightToeBase","index":39,"matrix":[0.9975,0.0001,-0.0703,0,0.037,0.8492,0.5267,0,0.0597,-0.528,0.8471,0,0,0.6394,0,1],"rest":[0.9975,0.0001,-0.0703,0,0.037,0.8491,0.5269,0,0.0598,-0.5282,0.847,0,0,0.6392,0,1],"parentBoneIndex":38,"length":0.2633
,"animation":{"dataType":3,"framePerSecond":30,"keys":[
{"frame":1,"values":[0.9975,0.0001,-0.0703,0,0.037,0.8492,0.5267,0,0.0597,-0.528,0.8471,0,0,0.6394,0,1]},
{"frame":2,"values":[0.9975,0.0001,-0.0703,0,0.037,0.8492,0.5267,0,0.0597,-0.528,0.8471,0,0,0.6394,0,1]}],"loopBehavior":1,"name":"anim","property":"_matrix"}},
{"name":"mixamorig:RightToe_End","index":40,"matrix":[1,0,0,0,0,1,0,0,0,0,1,0,0,0.2633,0,1],"rest":[1,0,0,0,0,1,0,0,0,0,1,0,0,0.2633,0,1],"parentBoneIndex":39,"length":0.2633
,"animation":{"dataType":3,"framePerSecond":30,"keys":[
{"frame":1,"values":[1,0,0,0,0,1,0,0,0,0,1,0,0,0.2633,0,1]},
{"frame":2,"values":[1,0,0,0,0,1,0,0,0,0,1,0,0,0.2633,0,1]}],"loopBehavior":1,"name":"anim","property":"_matrix"}}]
,"ranges":[{"name":"Armature|mixamo.com|Layer0","from":0,"to":2}]}],
"meshes":[{"name":"Joe","id":"Joe","materialId":"Pal","billboardMode":0,"position":[0,0,3.9545],"rotation":[0,0,0],"scaling":[1,1,1],"isVisible":true,"freezeWorldMatrix":false,"isEnabled":true,"checkCollisions":false,"receiveShadows":false,"pickable":true,"tags":"","skeletonId":0,"numBoneInfluencers":7
,"positions":[0.0005,5.8921,0.4733,0.488,6.6046,0.5441,0.5036,5.8921,0.4236,0.4866,5.8872,-0.5015,0.4707,6.6038,-0.4059,0.1475,6.6184,-0.5147,0.959,6.9056,-0.0395,0.735,7.374,-0.0399,0.7094,6.9483,-0.2209,0.0004,4.8395,0.5524,0.3957,4.3826,0.3846,0.0004,4.4446,0.501,0.4139,4.8417,0.4472,0.8075,4.8506,0.1735,0.3957,4.3826,0.3846,0.4139,4.8417,0.4472,0.0004,5.2273,0.5444
,0.4623,5.2275,0.4775,0.0003,4.2712,0.1548,0.0004,4.4446,0.501,0.3957,4.3826,0.3846,0.7362,7.472,0.2517,1.0166,7.3195,-0.0387,1.0396,7.4392,0.2569,0.848,6.6037,-0.2017,0.959,6.9056,-0.0395,0.7094,6.9483,-0.2209,0.0005,6.6046,0.5741,0.4473,6.9487,0.5742,0.488,6.6046,0.5441,0.959,6.9056,-0.0395,0.9537,6.9055,0.5508,1.4732,6.9241,0.2655,0.7362,7.472,0.2517
,0.4611,7.465,0.5378,0.5164,7.5315,0.2189,0.7803,7.3556,0.5307,0.4473,6.9487,0.5742,0.4611,7.465,0.5378,0.5471,0.417,0.0068,0.583,0.0481,0.2597,0.5313,0.4157,0.2602,0.3604,0.4147,0.387,0.151,0.0479,0.2594,0.1475,0.4152,0.2603,0.1023,0.0483,-0.3912,0.1567,0.2501,-0.5945,0.1382,0.2935,-0.3608,0.5313,0.4157,0.2602,0.3611,0.0478,0.3862,0.3604,0.4147,0.387
,0.151,0.0479,0.2594,0.1474,0.4167,0.0068,0.1475,0.4152,0.2603,0.1567,0.2501,-0.5945,0.3609,0.0483,-0.6605,0.3604,0.2501,-0.6107,0.3604,0.2501,-0.6107,0.6076,0.0483,-0.5338,0.5593,0.2502,-0.484,0.5593,0.2502,-0.484,0.6128,0.0484,-0.3236,0.566,0.2936,-0.2932,0.1382,0.2935,-0.3608,0.3604,0.2501,-0.6107,0.3604,0.3249,-0.3262,0.3609,0.0484,-0.3533,0.1258,0.0483,-0.6443
,0.1023,0.0483,-0.3912,0.3604,0.3249,-0.3262,0.5593,0.2502,-0.484,0.566,0.2936,-0.2932,0.583,0.0481,0.2597,0.3648,0.0481,0.2596,0.3611,0.0478,0.3862,0.361,0.0484,0.0064,0.6128,0.0484,-0.3236,0.3609,0.0484,-0.3533,0.5771,0.0484,0.0065,0.3648,0.0481,0.2596,0.583,0.0481,0.2597,0.0293,2.6987,0.1748,0.0312,2.6259,-0.2006,0.0273,2.7851,-0.2036,0.3526,2.7897,-0.3932
,0.6785,2.6272,-0.2004,0.6867,2.7867,-0.2036,0.0273,2.7851,-0.2036,0.3501,2.6296,-0.3877,0.3526,2.7897,-0.3932,0.6867,2.7867,-0.2036,0.6785,2.6272,-0.2004,0.6735,2.7004,0.1749,0.6867,2.7867,-0.2036,0.7525,3.3981,0.155,0.7583,3.4113,-0.2092,0.3493,3.393,0.327,0.0293,2.6987,0.1748,0.0338,3.3964,0.1541,0.033,3.4096,-0.2103,0.3526,2.7897,-0.3932,0.3499,3.4145,-0.3823
,0.3526,2.7897,-0.3932,0.7583,3.4113,-0.2092,0.3499,3.4145,-0.3823,0.6735,2.7004,0.1749,0.3493,3.393,0.327,0.7525,3.3981,0.155,0.0338,3.3964,0.1541,0.0273,2.7851,-0.2036,0.033,3.4096,-0.2103,0.5164,7.5315,0.2189,0.735,7.374,-0.0399,0.7362,7.472,0.2517,0.4559,7.3917,-0.1815,0.7094,6.9483,-0.2209,0.735,7.374,-0.0399,0.779,4.8286,-0.2233,0.4006,4.8291,-0.5028
,0.3954,4.5051,-0.4683,0.3169,7.5646,0.1987,0.2291,7.667,0.4088,0.2874,7.6549,0.1633,0.2572,7.543,-0.0281,0.2874,7.6549,0.1633,0.2544,7.6345,-0.0422,0.7803,7.3556,0.5307,0.9537,6.9055,0.5508,0.7641,6.932,0.556,0.2291,7.667,0.4088,0.0005,7.575,0.4839,0.0005,7.6664,0.4656,0.0005,8.051,0.6169,0.2291,7.667,0.4088,0.0005,7.6664,0.4656,0.358,7.7752,0.1555
,0.2544,7.6345,-0.0422,0.2874,7.6549,0.1633,0.4456,8.0403,0.1555,0.3454,8.4771,0.5088,0.5104,8.4771,0.1555,0.3454,8.4771,0.5088,0.4625,8.7479,0.1555,0.5104,8.4771,0.1555,0.0005,8.4821,0.63,0.3265,8.7399,0.4894,0.3454,8.4771,0.5088,0.0005,8.4771,-0.3441,0.3372,8.041,-0.2685,0.3867,8.4771,-0.2844,0.0005,8.4771,-0.3441,0.345,8.7399,-0.2613,0.0005,8.7679,-0.3141
,0.1475,6.6184,-0.5147,0.1428,6.962,-0.4453,0.0889,6.9721,-0.4759,0.4625,8.7479,0.1555,0.2703,8.8874,0.38,0.3046,8.9194,0.1555,0.4625,8.7479,0.1555,0.2703,8.8874,-0.069,0.345,8.7399,-0.2613,0.0005,8.7679,-0.3141,0.2703,8.8874,-0.069,0.0005,8.9227,-0.1044,0.0005,8.7708,0.5717,0.2703,8.8874,0.38,0.3265,8.7399,0.4894,0.2703,8.8874,0.38,0.0005,8.9141,0.418
,0.0005,8.956,0.1555,0.3046,8.9194,0.1555,0.2703,8.8874,0.38,0.2703,8.8874,-0.069,0.3046,8.9194,0.1555,0.0005,8.956,0.1555,0.0005,8.9227,-0.1044,0.2703,8.8874,-0.069,0.0005,8.956,0.1555,0.5104,8.4771,0.1555,0.345,8.7399,-0.2613,0.3867,8.4771,-0.2844,0.4456,8.0403,0.1555,0.3867,8.4771,-0.2844,0.3372,8.041,-0.2685,0.358,7.7752,0.1555,0.3372,8.041,-0.2685
,0.2648,7.7571,-0.2429,0.6485,0.4133,0.3311,0.3632,1.5337,0.4793,0.6826,1.5177,0.2816,0.0003,4.2712,0.1548,0.033,3.4096,-0.2103,0.0003,4.2717,-0.3154,0.7525,3.3981,0.155,0.3957,4.3826,0.3846,0.8075,4.8506,0.1735,0.3954,4.5051,-0.4683,0.7583,3.4113,-0.2092,0.779,4.8286,-0.2233,0.0003,4.2717,-0.3154,0.3499,3.4145,-0.3823,0.3954,4.5051,-0.4683,0.3493,3.393,0.327
,0.0003,4.2712,0.1548,0.3957,4.3826,0.3846,0.779,4.8286,-0.2233,0.7525,3.3981,0.155,0.8075,4.8506,0.1735,0.3577,0.4156,-0.253,0.6923,1.4881,-0.1169,0.3621,1.4747,-0.314,0.0453,1.4866,-0.1169,0.3577,0.4156,-0.253,0.3621,1.4747,-0.314,0.3632,1.5337,0.4793,0.0686,0.4124,0.3312,0.0438,1.5162,0.2816,0.6616,0.4162,-0.059,0.6826,1.5177,0.2816,0.6923,1.4881,-0.1169
,0.0438,1.5162,0.2816,0.0695,0.4153,-0.059,0.0453,1.4866,-0.1169,0.3604,0.4168,-0.1199,0.566,0.2936,-0.2932,0.5471,0.417,0.0068,0.1382,0.2935,-0.3608,0.3604,0.4168,-0.1199,0.1474,0.4167,0.0068,0.566,0.2936,-0.2932,0.5771,0.0484,0.0065,0.5471,0.417,0.0068,0.1548,0.0484,0.0063,0.1382,0.2935,-0.3608,0.1474,0.4167,0.0068,0.0004,5.2342,-0.6331,0.4866,5.8872,-0.5015
,0.0005,5.8913,-0.6344,0.0005,5.8921,0.4733,0.4623,5.2275,0.4775,0.0004,5.2273,0.5444,0.8227,5.2358,0.1954,0.765,5.8921,-0.239,0.7776,5.2377,-0.2094,0.5036,5.8921,0.4236,0.8227,5.2358,0.1954,0.4623,5.2275,0.4775,0.4707,6.6038,-0.4059,0.765,5.8921,-0.239,0.848,6.6037,-0.2017,0.4866,5.8872,-0.5015,0.7776,5.2377,-0.2094,0.765,5.8921,-0.239,0.4348,6.9591,-0.3693
,0.848,6.6037,-0.2017,0.7094,6.9483,-0.2209,0.5036,5.8921,0.4236,0.8983,6.6087,0.3907,0.8138,5.8921,0.2336,0.488,6.6046,0.5441,0.7641,6.932,0.556,0.8983,6.6087,0.3907,0.7803,7.3556,0.5307,1.0396,7.4392,0.2569,1.0083,7.3197,0.5516,1.4684,7.3094,-0.0297,2.0828,7.0797,0.003,2.0746,7.3182,0,1.4572,7.3097,0.5604,1.0396,7.4392,0.2569,1.4586,7.4279,0.2654
,2.0259,7.0773,0.5418,1.4732,6.9241,0.2655,1.4633,7.0482,0.5605,0.959,6.9056,-0.0395,1.4732,6.9241,0.2655,1.4742,7.048,-0.0297,3.5496,7.2656,0.3972,3.4875,7.1445,0.3872,3.5003,7.2679,0.3875,3.5566,7.3241,0.2462,3.5003,7.2679,0.3875,3.495,7.3319,0.2482,3.4819,7.1472,0.118,3.5517,7.269,0.0978,3.4947,7.2706,0.1106,3.5363,7.1322,0.3976,3.4726,7.0983,0.2343
,3.4875,7.1445,0.3872,3.5293,7.0881,0.2104,3.4819,7.1472,0.118,3.4726,7.0983,0.2343,3.8539,6.971,0.1297,3.7481,7.0357,0.0264,3.7687,6.9994,0.1651,3.8329,7.0715,0.2331,3.8539,6.971,0.1297,3.7687,6.9994,0.1651,3.802,7.1435,0.0359,3.8881,7.0298,0.1343,3.8329,7.0715,0.2331,3.7481,7.0357,0.0264,3.877,7.0808,0.0181,3.802,7.1435,0.0359,3.8539,6.971,0.1297
,3.948,6.9371,-0.0201,3.8325,6.9948,0.0144,3.8881,7.0298,0.1343,3.9784,6.913,0.0731,3.8539,6.971,0.1297,3.9855,7.0103,-0.0179,3.8881,7.0298,0.1343,3.877,7.0808,0.0181,3.5354,7.1339,0.1112,3.7481,7.0357,0.0264,3.802,7.1435,0.0359,3.8329,7.0715,0.2331,3.7687,6.9994,0.1651,3.5293,7.0881,0.2104,3.948,6.9371,-0.0201,4.0041,6.9595,0.0765,3.9855,7.0103,-0.0179
,3.7687,6.9994,0.1651,3.5354,7.1339,0.1112,3.5293,7.0881,0.2104,3.5517,7.269,0.0978,3.8418,7.3237,0.2616,3.5566,7.3241,0.2462,3.802,7.1435,0.0359,3.5517,7.269,0.0978,3.5354,7.1339,0.1112,3.8418,7.3237,0.2616,3.5496,7.2656,0.3972,3.5566,7.3241,0.2462,3.8325,6.9948,0.0144,3.9855,7.0103,-0.0179,3.877,7.0808,0.0181,3.5496,7.2656,0.3972,3.8341,7.163,0.4616
,3.5363,7.1322,0.3976,3.5363,7.1322,0.3976,3.8329,7.0715,0.2331,3.5293,7.0881,0.2104,4.3675,7.156,0.0866,4.2452,7.2617,0.0532,4.2401,7.1672,0.0671,4.2697,7.31,0.2421,4.3525,7.2469,0.4469,4.2475,7.2597,0.4482,4.2475,7.2597,0.4482,4.3306,7.161,0.4376,4.2351,7.1672,0.4465,4.3306,7.161,0.4376,4.258,7.1318,0.2173,4.2351,7.1672,0.4465,2.0177,7.3168,0.5417
,2.1412,7.0836,0.5369,2.0259,7.0773,0.5418,2.0647,7.4367,0.2696,2.1338,7.3198,0.5367,2.0177,7.3168,0.5417,3.4741,7.0592,0.2321,3.4819,7.1472,0.118,3.4847,7.1243,0.074,2.0259,7.0773,0.5418,2.1412,7.0836,0.5369,2.0799,6.9699,0.2586,3.4875,7.1445,0.3872,3.4741,7.0592,0.2321,3.4947,7.1231,0.4384,3.4947,7.2706,0.1106,3.5566,7.3241,0.2462,3.495,7.3319,0.2482
,3.4947,7.2706,0.1106,3.5004,7.3728,0.252,3.499,7.2898,0.0651,3.4847,7.1243,0.074,3.4947,7.2706,0.1106,3.499,7.2898,0.0651,3.5004,7.3728,0.252,3.5003,7.2679,0.3875,3.5092,7.2877,0.4388,4.3306,7.161,0.4376,4.3525,7.2469,0.4469,4.4157,7.2959,0.2683,4.0477,7.1721,0.4565,3.8329,7.0715,0.2331,3.8341,7.163,0.4616,3.837,7.2616,0.4632,4.0477,7.1721,0.4565
,3.8341,7.163,0.4616,3.802,7.1435,0.0359,4.0372,7.2726,0.0541,3.8366,7.2583,0.0514,4.3306,7.161,0.4376,4.4157,7.2959,0.2683,4.3682,7.1317,0.241,4.2351,7.1672,0.4465,4.0774,7.1286,0.2289,4.0477,7.1721,0.4565,4.2475,7.2597,0.4482,4.0477,7.1721,0.4565,4.041,7.271,0.4571,4.0608,7.3215,0.2541,4.2475,7.2597,0.4482,4.041,7.271,0.4571,4.0475,7.1715,0.0684
,4.2452,7.2617,0.0532,4.0372,7.2726,0.0541,1.0396,7.4392,0.2569,1.4684,7.3094,-0.0297,1.4586,7.4279,0.2654,4.3972,7.244,0.0768,4.2697,7.31,0.2421,4.2452,7.2617,0.0532,4.2452,7.2617,0.0532,4.0608,7.3215,0.2541,4.0372,7.2726,0.0541,4.3682,7.1317,0.241,4.3972,7.244,0.0768,4.3675,7.156,0.0866,4.0774,7.1286,0.2289,4.2401,7.1672,0.0671,4.0475,7.1715,0.0684
,4.258,7.1318,0.2173,4.3675,7.156,0.0866,4.2401,7.1672,0.0671,3.8418,7.3237,0.2616,4.041,7.271,0.4571,3.837,7.2616,0.4632,0.8983,6.6087,0.3907,0.7641,6.932,0.556,0.9537,6.9055,0.5508,0.0002,4.465,-0.5365,0.0003,4.2717,-0.3154,0.3954,4.5051,-0.4683,0.4611,7.465,0.5378,0.0005,6.9467,0.5854,0.0005,7.4421,0.5577,0.4348,6.9591,-0.3693,0.2704,7.3697,-0.2397
,0.2032,6.9614,-0.4296,0.8138,5.8921,0.2336,0.848,6.6037,-0.2017,0.765,5.8921,-0.239,0.4623,5.2275,0.4775,0.8075,4.8506,0.1735,0.4139,4.8417,0.4472,2.0177,7.3168,0.5417,1.4586,7.4279,0.2654,1.0166,7.3195,-0.0387,1.4742,7.048,-0.0297,1.4684,7.3094,-0.0297,2.0746,7.3182,0,1.4586,7.4279,0.2654,1.4684,7.3094,-0.0297,2.0259,7.0773,0.5418,1.4572,7.3097,0.5604
,1.0083,7.3197,0.5516,1.4633,7.0482,0.5605,0.9537,6.9055,0.5508,2.0799,6.9699,0.2586,1.4742,7.048,-0.0297,1.4732,6.9241,0.2655,0.1625,8.4165,-0.3048,0.143,8.3917,-0.3395,0.1674,8.4172,-0.3353,0.2022,8.4186,-0.2985,0.1674,8.4172,-0.3353,0.2071,8.4193,-0.3289,0.2022,8.4186,-0.2985,0.225,8.3962,-0.3263,0.2201,8.3955,-0.2959,0.2134,8.3533,-0.2974,0.1987,8.3376,-0.3312
,0.1938,8.3369,-0.3007,0.1381,8.391,-0.309,0.1409,8.3515,-0.3403,0.143,8.3917,-0.3395,0.1359,8.3508,-0.3098,0.1655,8.3348,-0.3365,0.1409,8.3515,-0.3403,0.1409,8.3515,-0.3403,0.1655,8.3348,-0.3365,0.1987,8.3376,-0.3312,0.1409,8.3515,-0.3403,0.1987,8.3376,-0.3312,0.143,8.3917,-0.3395,0.2183,8.354,-0.3279,0.225,8.3962,-0.3263,0.1674,8.4172,-0.3353,0.225,8.3962,-0.3263
,0.2071,8.4193,-0.3289,0.1674,8.4172,-0.3353,0.1938,8.3369,-0.3007,0.1655,8.3348,-0.3365,0.1606,8.3341,-0.3061,0.2201,8.3955,-0.2959,0.2183,8.354,-0.3279,0.2134,8.3533,-0.2974,0.143,8.3917,-0.3395,0.2183,8.354,-0.3279,0.1674,8.4172,-0.3353,0.0004,4.8303,-0.6056,0.3954,4.5051,-0.4683,0.4006,4.8291,-0.5028,0.0438,1.5162,0.2816,0.0312,2.6259,-0.2006,0.0293,2.6987,0.1748
,0.6785,2.6272,-0.2004,0.6826,1.5177,0.2816,0.6735,2.7004,0.1749,0.3514,2.6968,0.3635,0.0438,1.5162,0.2816,0.0293,2.6987,0.1748,0.0312,2.6259,-0.2006,0.3621,1.4747,-0.314,0.3501,2.6296,-0.3877,0.3621,1.4747,-0.314,0.3501,2.6296,-0.3877,0.6826,1.5177,0.2816,0.3514,2.6968,0.3635,0.6735,2.7004,0.1749,2.7999,6.9871,0.2337,2.0828,7.0797,0.003,2.0799,6.9699,0.2586
,2.1412,7.0836,0.5369,2.7999,6.9871,0.2337,2.0746,7.3182,0,2.7976,7.4436,0.2535,2.0647,7.4367,0.2696,2.0828,7.0797,0.003,2.7864,7.325,-0.0149,2.0746,7.3182,0,2.7976,7.4436,0.2535,2.1338,7.3198,0.5367,2.8155,7.0913,0.5165,2.1412,7.0836,0.5369,0.2291,7.667,0.4088,0.358,7.7752,0.1555,0.2874,7.6549,0.1633,0.0005,8.4821,0.63,0.2667,8.0509,0.5049
,0.0005,8.051,0.6169,0.358,7.7752,0.1555,0.2667,8.0509,0.5049,0.4456,8.0403,0.1555,0.358,7.7752,0.1555,0.2291,7.667,0.4088,0.2667,8.0509,0.5049,0.3609,0.0484,-0.3533,0.6076,0.0483,-0.5338,0.3609,0.0483,-0.6605,0.3611,0.0478,0.3862,0.151,0.0479,0.2594,0.3648,0.0481,0.2596,0.1548,0.0484,0.0063,0.151,0.0479,0.2594,0.3609,0.0484,-0.3533,0.1548,0.0484,0.0063
,0.361,0.0484,0.0064,3.5092,7.2877,0.4388,3.4875,7.1445,0.3872,3.4947,7.1231,0.4384,0.4267,8.4064,0.196,0.5664,8.1216,0.196,0.4267,8.1216,0.196,0.6086,8.4064,0.196,0.5664,8.1216,0.1149,0.5664,8.1216,0.196,0.5664,8.1216,0.1149,0.4267,8.4064,0.1149,0.4267,8.1216,0.1149,0.5664,8.1216,0.196,0.4267,8.1216,0.1149,0.4267,8.1216,0.196,0.4267,8.4064,0.196
,0.6086,8.4064,0.1149,0.6086,8.4064,0.196,3.3523,7.2946,0.4385,3.4947,7.1231,0.4384,3.3512,7.1262,0.4387,3.5004,7.3728,0.252,3.3523,7.2946,0.4385,3.3338,7.3789,0.2483,3.3332,7.1235,0.063,3.499,7.2898,0.0651,3.3326,7.2941,0.057,3.499,7.2898,0.0651,3.3338,7.3789,0.2483,3.3326,7.2941,0.057,3.3512,7.1262,0.4387,3.4741,7.0592,0.2321,3.3308,7.0568,0.2273
,3.3308,7.0568,0.2273,3.4847,7.1243,0.074,3.3332,7.1235,0.063,0.9537,6.9055,0.5508,1.4633,7.0482,0.5605,1.4732,6.9241,0.2655,0.0975,8.5083,-0.2719,0.3284,8.4938,-0.3144,0.3178,8.493,-0.2332,0.0946,8.4624,-0.2723,0.3254,8.4479,-0.3148,0.0946,8.4624,-0.3535,0.0975,8.5083,-0.3531,0.3254,8.4479,-0.3148,0.3284,8.4938,-0.3144,0.3178,8.493,-0.2332,0.3254,8.4479,-0.3148
,0.3149,8.4472,-0.2336,0.0975,8.5083,-0.3531,0.0946,8.4624,-0.2723,0.0946,8.4624,-0.3535,0.7776,5.2377,-0.2094,0.4006,4.8291,-0.5028,0.779,4.8286,-0.2233,0.0004,4.8303,-0.6056,0.4552,5.2344,-0.5153,0.0004,5.2342,-0.6331,3.3679,7.3251,0.5201,2.8155,7.0913,0.5165,2.8154,7.3258,0.5164,3.342,7.444,0.2526,2.8154,7.3258,0.5164,2.7976,7.4436,0.2535,3.3397,7.3249,-0.0171
,2.7864,7.325,-0.0149,3.3404,6.9899,0.224,3.3332,7.1235,0.063,3.3413,7.0849,-0.009,3.3332,7.1235,0.063,3.3397,7.3249,-0.0171,3.3413,7.0849,-0.009,0.5164,7.5315,0.2189,0.2572,7.543,-0.0281,0.4559,7.3917,-0.1815,0.2273,7.5756,0.435,0.5164,7.5315,0.2189,0.4611,7.465,0.5378,0.0005,7.4421,0.5577,0.2273,7.5756,0.435,0.4611,7.465,0.5378,0.2032,6.9614,-0.4296
,0.1185,7.1319,-0.3735,0.1428,6.962,-0.4453,0.2032,6.9614,-0.4296,0.4707,6.6038,-0.4059,0.4348,6.9591,-0.3693,0.3604,0.4147,0.387,0.0686,0.4124,0.3312,0.3586,0.411,0.5258,0.1475,0.4152,0.2603,0.0695,0.4153,-0.059,0.0686,0.4124,0.3312,0.6485,0.4133,0.3311,0.3604,0.4147,0.387,0.3586,0.411,0.5258,0.3604,0.4168,-0.1199,0.6616,0.4162,-0.059,0.3577,0.4156,-0.253
,0.0695,0.4153,-0.059,0.3604,0.4168,-0.1199,0.3577,0.4156,-0.253,0.5471,0.417,0.0068,0.6485,0.4133,0.3311,0.6616,0.4162,-0.059,0.7776,5.2377,-0.2094,0.8075,4.8506,0.1735,0.8227,5.2358,0.1954,4.0372,7.2726,0.0541,3.8418,7.3237,0.2616,3.8366,7.2583,0.0514,3.802,7.1435,0.0359,4.0774,7.1286,0.2289,4.0475,7.1715,0.0684,0.8983,6.6087,0.3907,0.959,6.9056,-0.0395
,0.848,6.6037,-0.2017,3.3512,7.1262,0.4387,3.3404,6.9899,0.224,3.3675,7.0886,0.5202,0.0005,5.8921,0.4733,0.0005,6.6046,0.5741,0.488,6.6046,0.5441,0.1185,7.1319,-0.3735,0.0889,6.9721,-0.4759,0.1428,6.962,-0.4453,0.0005,5.8913,-0.6344,0.4866,5.8872,-0.5015,0.1475,6.6184,-0.5147,0.959,6.9056,-0.0395,1.0166,7.3195,-0.0387,0.735,7.374,-0.0399,0.0004,4.8395,0.5524
,0.4139,4.8417,0.4472,0.3957,4.3826,0.3846,0.4139,4.8417,0.4472,0.0004,4.8395,0.5524,0.0004,5.2273,0.5444,0.7362,7.472,0.2517,0.735,7.374,-0.0399,1.0166,7.3195,-0.0387,0.0005,6.6046,0.5741,0.0005,6.9467,0.5854,0.4473,6.9487,0.5742,0.7362,7.472,0.2517,0.7803,7.3556,0.5307,0.4611,7.465,0.5378,0.7803,7.3556,0.5307,0.7641,6.932,0.556,0.4473,6.9487,0.5742
,0.5471,0.417,0.0068,0.5771,0.0484,0.0065,0.583,0.0481,0.2597,0.3611,0.0478,0.3862,0.1023,0.0483,-0.3912,0.1258,0.0483,-0.6443,0.1567,0.2501,-0.5945,0.5313,0.4157,0.2602,0.583,0.0481,0.2597,0.3611,0.0478,0.3862,0.151,0.0479,0.2594,0.1548,0.0484,0.0063,0.1474,0.4167,0.0068,0.1567,0.2501,-0.5945,0.1258,0.0483,-0.6443,0.3609,0.0483,-0.6605,0.3604,0.2501,-0.6107
,0.3609,0.0483,-0.6605,0.6076,0.0483,-0.5338,0.5593,0.2502,-0.484,0.6076,0.0483,-0.5338,0.6128,0.0484,-0.3236,0.1382,0.2935,-0.3608,0.1567,0.2501,-0.5945,0.3604,0.2501,-0.6107,0.3609,0.0483,-0.6605,0.3604,0.3249,-0.3262,0.3604,0.2501,-0.6107,0.5593,0.2502,-0.484,0.5771,0.0484,0.0065,0.6128,0.0484,-0.3236,0.361,0.0484,0.0064,0.3648,0.0481,0.2596,0.3501,2.6296,-0.3877
,0.0273,2.7851,-0.2036,0.0312,2.6259,-0.2006,0.3501,2.6296,-0.3877,0.6867,2.7867,-0.2036,0.6735,2.7004,0.1749,0.3493,3.393,0.327,0.3514,2.6968,0.3635,0.0293,2.6987,0.1748,0.033,3.4096,-0.2103,0.0273,2.7851,-0.2036,0.3526,2.7897,-0.3932,0.3526,2.7897,-0.3932,0.6867,2.7867,-0.2036,0.7583,3.4113,-0.2092,0.6735,2.7004,0.1749,0.3514,2.6968,0.3635,0.3493,3.393,0.327
,0.0338,3.3964,0.1541,0.0293,2.6987,0.1748,0.0273,2.7851,-0.2036,0.5164,7.5315,0.2189,0.4559,7.3917,-0.1815,0.735,7.374,-0.0399,0.4559,7.3917,-0.1815,0.4348,6.9591,-0.3693,0.7094,6.9483,-0.2209,0.2544,7.6345,-0.0422,0.2648,7.7571,-0.2429,0.0005,7.6154,-0.1436,0.3169,7.5646,0.1987,0.2273,7.5756,0.435,0.2291,7.667,0.4088,0.2572,7.543,-0.0281,0.3169,7.5646,0.1987
,0.2874,7.6549,0.1633,0.7803,7.3556,0.5307,1.0083,7.3197,0.5516,0.9537,6.9055,0.5508,0.2291,7.667,0.4088,0.2273,7.5756,0.435,0.0005,7.575,0.4839,0.0005,8.051,0.6169,0.2667,8.0509,0.5049,0.2291,7.667,0.4088,0.2648,7.7571,-0.2429,0.2544,7.6345,-0.0422,0.358,7.7752,0.1555,0.4456,8.0403,0.1555,0.2667,8.0509,0.5049,0.3454,8.4771,0.5088,0.3454,8.4771,0.5088
